sno,sna,sarea,mday,ar,sareaen,snaen,aren,act,srcUpdateTime,updateTime,infoTime,infoDate,Quantity,available_rent_bikes,latitude,longitude,available_return_bikes,timestamp,hour,day_of_week,is_weekend,date,occupancy_rate
500101001,YouBike2.0_捷運科技大樓站,大安區,2025-10-25 18:30:03,復興南路二段235號前,Daan Dist.,YouBike2.0_MRT Technology Bldg. Sta.,No.235， Sec. 2， Fuxing S. Rd.,1,2025-10-25 18:31:29,2025-10-25 18:31:52,2025-10-25 18:30:03,2025-10-25,28,3,25.02605,121.5436,25,2025-10-25 10:32:51.141129,10,5,1,2025-10-25,0.10714285714285714
500101002,YouBike2.0_復興南路二段273號前,大安區,2025-10-25 17:20:02,復興南路二段273號西側,Daan Dist.,YouBike2.0_No.273， Sec. 2， Fuxing S. Rd.,No.273， Sec. 2， Fuxing S. Rd. (West),1,2025-10-25 18:31:29,2025-10-25 18:31:52,2025-10-25 17:20:02,2025-10-25,21,7,25.02565,121.54357,14,2025-10-25 10:32:51.141129,10,5,1,2025-10-25,0.3333333333333333
500101003,YouBike2.0_國北教大實小東側門,大安區,2025-10-25 18:30:03,和平東路二段96巷7號,Daan Dist.,YouBike2.0_NTUE Experiment Elementary School (East),No. 7， Ln. 96， Sec. 2， Heping E. Rd,1,2025-10-25 18:31:29,2025-10-25 18:31:52,2025-10-25 18:30:03,2025-10-25,28,5,25.02429,121.54124,22,2025-10-25 10:32:51.141129,10,5,1,2025-10-25,0.17857142857142858
500101004,YouBike2.0_和平公園東側,大安區,2025-10-25 18:31:15,和平東路二段118巷33號,Daan Dist.,YouBike2.0_Heping Park (East),No. 33， Ln. 118， Sec. 2， Heping E. Rd,1,2025-10-25 18:31:29,2025-10-25 18:31:52,2025-10-25 18:31:15,2025-10-25,11,9,25.02351,121.54282,2,2025-10-25 10:32:51.141129,10,5,1,2025-10-25,0.8181818181818182
500101005,YouBike2.0_辛亥復興路口西北側,大安區,2025-10-25 18:30:03,復興南路二段368號,Daan Dist.,YouBike2.0_Xinhai Fuxing Rd. Intersection (Northwest),No. 368， Sec. 2， Fuxing S. Rd.,1,2025-10-25 18:31:29,2025-10-25 18:31:52,2025-10-25 18:30:03,2025-10-25,16,12,25.02153,121.54299,4,2025-10-25 10:32:51.141129,10,5,1,2025-10-25,0.75
500101006,YouBike2.0_復興南路二段280號前,大安區,2025-10-25 18:30:03,復興南路二段280號,Daan Dist.,YouBike2.0_No. 280， Sec. 2， Fuxing S. Rd.,No. 280， Sec. 2， Fuxing S. Rd.,1,2025-10-25 18:31:29,2025-10-25 18:31:52,2025-10-25 18:30:03,2025-10-25,27,6,25.02429,121.54328,20,2025-10-25 10:32:51.141129,10,5,1,2025-10-25,0.2222222222222222
500101007,YouBike2.0_復興南路二段340巷口,大安區,2025-10-25 17:40:03,復興南路二段342號,Daan Dist.,YouBike2.0_Ln. 340， Sec. 2， Fuxing S. Rd.,No. 342， Sec. 2， Fuxing S. Rd.,1,2025-10-25 18:31:29,2025-10-25 18:31:52,2025-10-25 17:40:03,2025-10-25,11,5,25.02253,121.54326,6,2025-10-25 10:32:51.141129,10,5,1,2025-10-25,0.45454545454545453
500101008,YouBike2.0_新生南路三段52號前,大安區,2025-10-25 18:28:16,新生南路三段52號,Daan Dist.,YouBike2.0_No. 52， Sec. 3， Xinsheng S. Rd.,No. 52， Sec. 3， Xinsheng S. Rd.,1,2025-10-25 18:31:29,2025-10-25 18:31:52,2025-10-25 18:28:16,2025-10-25,17,17,25.02112,121.53407,0,2025-10-25 10:32:51.141129,10,5,1,2025-10-25,1.0
500101009,YouBike2.0_新生南路三段66號前,大安區,2025-10-25 18:18:16,新生南路三段66號東側,Daan Dist.,YouBike2.0_No. 66， Sec. 3， Xinsheng S. Rd.,No. 66， Sec. 3， Xinsheng S. Rd. (East),1,2025-10-25 18:31:29,2025-10-25 18:31:52,2025-10-25 18:18:16,2025-10-25,16,15,25.01976,121.53384,1,2025-10-25 10:32:51.141129,10,5,1,2025-10-25,0.9375
500101010,YouBike2.0_新生南路三段82號前,大安區,2025-10-25 18:30:03,新生南路三段82號,Daan Dist.,YouBike2.0_No. 82， Sec. 3， Xinsheng S. Rd.,No. 82， Sec. 3， Xinsheng S. Rd.,1,2025-10-25 18:31:29,2025-10-25 18:31:52,2025-10-25 18:30:03,2025-10-25,22,17,25.01894,121.53361,4,2025-10-25 10:32:51.141129,10,5,1,2025-10-25,0.7727272727272727
500101012,YouBike2.0_辛亥路一段30號前,大安區,2025-10-25 18:02:15,辛亥路一段30號,Daan Dist.,YouBike2.0_No. 30， Sec. 1， Xinhai Rd.,No. 30， Sec. 1， Xinhai Rd.,1,2025-10-25 18:31:29,2025-10-25 18:31:52,2025-10-25 18:02:15,2025-10-25,8,3,25.01986,121.52982,5,2025-10-25 10:32:51.141129,10,5,1,2025-10-25,0.375
500101013,YouBike2.0_和平復興路口西北側,大安區,2025-10-25 17:39:16,復興南路二段236號,Daan Dist.,YouBike2.0_Heping Fuxing Rd. Intersection (Northwest),No. 236， Sec. 2， Fuxing S. Rd.,1,2025-10-25 18:31:29,2025-10-25 18:31:52,2025-10-25 17:39:16,2025-10-25,9,7,25.02543,121.54332,2,2025-10-25 10:32:51.141129,10,5,1,2025-10-25,0.7777777777777778
500101014,YouBike2.0_羅斯福路三段311號前,大安區,2025-10-25 18:30:03,羅斯福路三段311號,Daan Dist.,YouBike2.0_No. 311， Sec. 3， Roosevelt Rd.,No. 311， Sec. 3， Roosevelt Rd.,1,2025-10-25 18:31:29,2025-10-25 18:31:52,2025-10-25 18:30:03,2025-10-25,11,10,25.01717,121.53202,1,2025-10-25 10:32:51.141129,10,5,1,2025-10-25,0.9090909090909091
500101015,YouBike2.0_大安運動中心停車場,大安區,2025-10-25 12:46:02,敦南街76巷28號,Daan Dist.,YouBike2.0_Taipei Da-an Sports Center Parking lot,No. 28， Ln. 76， Dunnan St.,1,2025-10-25 18:31:29,2025-10-25 18:31:52,2025-10-25 12:46:02,2025-10-25,19,4,25.02089,121.54697,15,2025-10-25 10:32:51.141129,10,5,1,2025-10-25,0.21052631578947367
500101016,YouBike2.0_羅斯福路三段245號前,大安區,2025-10-25 17:30:03,羅斯福路三段245號,Daan Dist.,YouBike2.0_No. 245， Sec. 3， Roosevelt Rd.,No. 245， Sec. 3， Roosevelt Rd.,1,2025-10-25 18:31:29,2025-10-25 18:31:52,2025-10-25 17:30:03,2025-10-25,8,4,25.01927,121.52989,4,2025-10-25 10:32:51.141129,10,5,1,2025-10-25,0.5
500101018,YouBike2.0_溫州公園,大安區,2025-10-25 18:27:17,羅斯福路三段283巷11號,Daan Dist.,YouBike2.0_Wenzhou Park,No. 11， Ln. 283， Sec. 3， Roosevelt Rd.,1,2025-10-25 18:31:29,2025-10-25 18:31:52,2025-10-25 18:27:17,2025-10-25,5,5,25.01895,121.53156,0,2025-10-25 10:32:51.141129,10,5,1,2025-10-25,1.0
500101019,YouBike2.0_和平臥龍街口,大安區,2025-10-25 17:30:03,臥龍街1號,Daan Dist.,YouBike2.0_Heping Wolong St. Intersection,No. 1， Wolong St.,1,2025-10-25 18:31:29,2025-10-25 18:31:52,2025-10-25 17:30:03,2025-10-25,24,17,25.024461,121.546705,7,2025-10-25 10:32:51.141129,10,5,1,2025-10-25,0.7083333333333334
500101021,YouBike2.0_銘傳國小側門,大安區,2025-10-25 18:31:15,羅斯福路四段21號旁天橋下,Daan Dist.,YouBike2.0_Taipei Municipal MingChuan Elementary School(Side Gate),No. 21， Sec. 4， Roosevelt Rd.,1,2025-10-25 18:31:29,2025-10-25 18:31:52,2025-10-25 18:31:15,2025-10-25,7,7,25.01385,121.53549,0,2025-10-25 10:32:51.141129,10,5,1,2025-10-25,1.0
500101022,YouBike2.0_捷運公館站(2號出口),大安區,2025-10-25 18:30:03,捷運公館站(2號出口)外側,Daan Dist.,YouBike2.0_MRT Gongguan Sta. (Exit 2),MRT Gongguan Sta. (Exit 2),1,2025-10-25 18:31:29,2025-10-25 18:31:52,2025-10-25 18:30:03,2025-10-25,99,57,25.01491,121.53438,41,2025-10-25 10:32:51.141129,10,5,1,2025-10-25,0.5757575757575758
500101023,YouBike2.0_第二學生活動中心,大安區,2025-10-25 17:40:03,羅斯福路四段107號(西南側),Daan Dist.,YouBike2.0_2nd Student Activity Center,No. 107， Sec. 4， Roosevelt Rd.(Southwest),1,2025-10-25 18:31:29,2025-10-25 18:31:52,2025-10-25 17:40:03,2025-10-25,25,3,25.01244,121.53661,22,2025-10-25 10:32:51.141129,10,5,1,2025-10-25,0.12
500101024,YouBike2.0_臺灣科技大學正門,大安區,2025-10-25 17:50:02,基隆路四段43號(臺灣科技大學正門旁小側門靠田徑場),Daan Dist.,YouBike2.0_NTUST(Main Gate),No. 43， Sec. 4， Keelung Rd.,1,2025-10-25 18:31:29,2025-10-25 18:31:52,2025-10-25 17:50:02,2025-10-25,50,6,25.01451,121.54142,44,2025-10-25 10:32:51.141129,10,5,1,2025-10-25,0.12
500101025,YouBike2.0_臺灣科技大學側門,大安區,2025-10-25 18:30:03,基隆路四段73巷與基隆路口,Daan Dist.,YouBike2.0_NTUST(Side Gate),Ln. 73， Sec. 4， Keelung Rd. Intersection,1,2025-10-25 18:31:29,2025-10-25 18:31:52,2025-10-25 18:30:03,2025-10-25,97,1,25.01295,121.53973,96,2025-10-25 10:32:51.141129,10,5,1,2025-10-25,0.010309278350515464
500101026,YouBike2.0_公館公園,大安區,2025-10-25 18:30:03,羅斯福路四段113巷基隆路四段41巷口,Daan Dist.,YouBike2.0_Gongguan Park,Ln. 113， Sec. 4， Roosevelt Rd. & Ln. 41， Sec. 4， Keelung Rd. Intersection,1,2025-10-25 18:31:29,2025-10-25 18:31:52,2025-10-25 18:30:03,2025-10-25,30,1,25.01137,121.54062,29,2025-10-25 10:32:51.141129,10,5,1,2025-10-25,0.03333333333333333
500101027,YouBike2.0_臺灣科技大學後門,大安區,2025-10-25 18:31:15,基隆路四段41巷68弄臺科帆船大樓旁,Daan Dist.,YouBike2.0_NTUST(Back Gate),Aly. 68， Ln. 41， Sec. 4， Keelung Rd.,1,2025-10-25 18:31:29,2025-10-25 18:31:52,2025-10-25 18:31:15,2025-10-25,39,0,25.01182,121.54165,39,2025-10-25 10:32:51.141129,10,5,1,2025-10-25,0.0
500101028,YouBike2.0_臺大醫學院附設癌醫中心,大安區,2025-10-25 18:25:16,基隆路三段155巷57號西側,Daan Dist.,YouBike2.0_NTU Cancer Center,No. 57， Ln. 155， Sec. 3， Keelung Rd.(West),1,2025-10-25 18:31:29,2025-10-25 18:31:52,2025-10-25 18:25:16,2025-10-25,20,2,25.01426,121.54382,18,2025-10-25 10:32:51.141129,10,5,1,2025-10-25,0.1
500101029,YouBike2.0_臺大環研大樓,大安區,2025-10-25 17:17:18,芳蘭路/基隆路三段155巷口,Daan Dist.,YouBike2.0_NTU Environment Research Building,Fanglan Rd & Ln. 155， Sec. 3， Keelung Rd. Intersection,1,2025-10-25 18:31:29,2025-10-25 18:31:52,2025-10-25 17:17:18,2025-10-25,15,1,25.01234,121.54503,14,2025-10-25 10:32:51.141129,10,5,1,2025-10-25,0.06666666666666667
500101030,YouBike2.0_臺大永齡生醫工程館,大安區,2025-10-25 17:00:04,芳蘭路51號西北側,Daan Dist.,YouBike2.0_NTU Yonglin Biomedical Engineering Hall,No. 51， Fanglan Rd.(Northwest),1,2025-10-25 18:31:29,2025-10-25 18:31:52,2025-10-25 17:00:04,2025-10-25,34,18,25.0136,121.54656,16,2025-10-25 10:32:51.141129,10,5,1,2025-10-25,0.5294117647058824
500101031,YouBike2.0_臺大男七舍前,大安區,2025-10-25 18:15:30,長興街/長興街80巷口西側,Daan Dist.,YouBike2.0_NTU 7th Men's Dorm,Ln. 80， Changxing St. Intersection(West),1,2025-10-25 18:31:29,2025-10-25 18:31:52,2025-10-25 18:15:30,2025-10-25,20,1,25.01537,121.54698,19,2025-10-25 10:32:51.141129,10,5,1,2025-10-25,0.05
500101032,YouBike2.0_臺大男一舍前,大安區,2025-10-25 18:30:03,長興街50號西北側,Daan Dist.,YouBike2.0_NTU 1st Men's Dorm,No. 50， Changxing St.(Northwest),1,2025-10-25 18:31:29,2025-10-25 18:31:52,2025-10-25 18:30:03,2025-10-25,61,3,25.01637,121.54535,58,2025-10-25 10:32:51.141129,10,5,1,2025-10-25,0.04918032786885246
500101033,YouBike2.0_臺大男六舍前,大安區,2025-10-25 18:24:16,大安區長興街31號,Daan Dist.,YouBike2.0_NTU 6th Men's Dorm,No. 31， Changxing St.,1,2025-10-25 18:31:29,2025-10-25 18:31:52,2025-10-25 18:24:16,2025-10-25,40,0,25.01664,121.5452,40,2025-10-25 10:32:51.141129,10,5,1,2025-10-25,0.0
500101034,YouBike2.0_臺大動物醫院前,大安區,2025-10-25 18:30:03,基隆路三段155巷/基隆路四段口,Daan Dist.,YouBike2.0_NTU Veterinary Hospital,Ln. 155， Sec. 3， Keelung Rd. Intersection,1,2025-10-25 18:31:29,2025-10-25 18:31:52,2025-10-25 18:30:03,2025-10-25,18,1,25.01576,121.54291,17,2025-10-25 10:32:51.141129,10,5,1,2025-10-25,0.05555555555555555
500101035,YouBike2.0_臺大土木研究大樓前,大安區,2025-10-25 15:48:01,辛亥路三段188號,Daan Dist.,YouBike2.0_NTU Civil Engineering Research Building,No. 188， Sec. 3， Xinhai Rd.,1,2025-10-25 18:31:29,2025-10-25 18:31:52,2025-10-25 15:48:01,2025-10-25,24,16,25.01787,121.5476,8,2025-10-25 10:32:51.141129,10,5,1,2025-10-25,0.6666666666666666
500101036,YouBike2.0_臺大萬才館前,大安區,2025-10-25 15:30:02,臺大萬才館北側,Daan Dist.,YouBike2.0_NTU Wan Tsai Research Hall,NTU Wan Tsai Research Hall,1,2025-10-25 18:31:29,2025-10-25 18:31:52,2025-10-25 15:30:02,2025-10-25,20,8,25.02032,121.54497,12,2025-10-25 10:32:51.141129,10,5,1,2025-10-25,0.4
500101037,YouBike2.0_臺大國青大樓宿舍前,大安區,2025-10-25 18:19:17,辛亥路三段30號西北側,Daan Dist.,YouBike2.0_NTU Guo - Ching Building,No. 30， Sec. 3， Xinhai Rd.(Northwest),1,2025-10-25 18:31:29,2025-10-25 18:31:52,2025-10-25 18:19:17,2025-10-25,20,0,25.02076,121.54432,19,2025-10-25 10:32:51.141129,10,5,1,2025-10-25,0.0
500101038,YouBike2.0_臺大社科院圖書館前,大安區,2025-10-25 16:10:03,辛亥路與復興南路口西南側,Daan Dist.,YouBike2.0_NTU College of social Sciences Building,Xinhai Fuxing Rd. Intersection (Southwest),1,2025-10-25 18:31:29,2025-10-25 18:31:52,2025-10-25 16:10:03,2025-10-25,27,18,25.02101,121.54284,9,2025-10-25 10:32:51.141129,10,5,1,2025-10-25,0.6666666666666666
500101039,YouBike2.0_臺大法人語言訓練中心前,大安區,2025-10-25 17:20:02,臺大法人語言訓練中心北側,Daan Dist.,YouBike2.0_NTU Language Training & Testing Center,NTU Language Training & Testing Center(North),1,2025-10-25 18:31:29,2025-10-25 18:31:52,2025-10-25 17:20:02,2025-10-25,28,9,25.02104,121.54081,19,2025-10-25 10:32:51.141129,10,5,1,2025-10-25,0.32142857142857145
500101040,YouBike2.0_臺大綜合體育館停車場前,大安區,2025-10-25 18:01:15,臺大綜合體育館北側,Daan Dist.,YouBike2.0_NTU Sports Center Car Park,NTU Sports Center(North),1,2025-10-25 18:31:29,2025-10-25 18:31:52,2025-10-25 18:01:15,2025-10-25,25,24,25.0222,121.53626,0,2025-10-25 10:32:51.141129,10,5,1,2025-10-25,0.96
500101041,YouBike2.0_辛亥新生路口東南側,大安區,2025-10-25 17:10:03,辛亥新生路口東南側,Daan Dist.,YouBike2.0_Xinhai Xinsheng Rd. Intersection (Southeast),Xinhai Xinsheng Rd. Intersection (Southeast),1,2025-10-25 18:31:29,2025-10-25 18:31:52,2025-10-25 17:10:03,2025-10-25,50,39,25.02218,121.53474,9,2025-10-25 10:32:51.141129,10,5,1,2025-10-25,0.78
500101042,YouBike2.0_基隆長興路口東側,大安區,2025-10-25 18:05:19,基隆長興路口東側,Daan Dist.,YouBike2.0_Keelung Changxing Rd. Intersection(East),Keelung Changxing Rd. Intersection(East),1,2025-10-25 18:31:29,2025-10-25 18:31:52,2025-10-25 18:05:19,2025-10-25,15,0,25.01727,121.54471,15,2025-10-25 10:32:51.141129,10,5,1,2025-10-25,0.0
500101091,YouBike2.0_國北教大側門南側,大安區,2025-10-25 17:25:18,敦南街51號,Daan Dist.,YouBike2.0_NTUE Side Gate(South),No. 51， Dunnan St.,1,2025-10-25 18:31:29,2025-10-25 18:31:52,2025-10-25 17:25:18,2025-10-25,34,1,25.022864,121.546622,33,2025-10-25 10:32:51.141129,10,5,1,2025-10-25,0.029411764705882353
500101092,YouBike2.0_和平實小東北側,大安區,2025-10-25 16:30:04,敦南街73號,Daan Dist.,YouBike2.0_Heping Experiment Elementary School (Northeast),No. 73， Dunnan St.,1,2025-10-25 18:31:29,2025-10-25 18:31:52,2025-10-25 16:30:04,2025-10-25,25,8,25.021641,121.54704,16,2025-10-25 10:32:51.141129,10,5,1,2025-10-25,0.32
500101093,YouBike2.0_大安區健康服務中心,大安區,2025-10-25 17:20:02,辛亥路三段15號,Daan Dist.,YouBike2.0_Daan District Public Health Center,No. 15， Sec. 1， Xinhai Rd.,1,2025-10-25 18:31:29,2025-10-25 18:31:52,2025-10-25 17:20:02,2025-10-25,23,14,25.021469,121.544069,9,2025-10-25 10:32:51.141129,10,5,1,2025-10-25,0.6086956521739131
500101094,YouBike2.0_辛亥泰順街口,大安區,2025-10-25 17:30:03,辛亥泰順街口東南側,Daan Dist.,YouBike2.0_Xinhai Taishun St. Intersection,Xinhai Taishun St. Intersection (Southeast),1,2025-10-25 18:31:29,2025-10-25 18:31:52,2025-10-25 17:30:03,2025-10-25,20,11,25.02193,121.53165,9,2025-10-25 10:32:51.141129,10,5,1,2025-10-25,0.55
500101095,YouBike2.0_臺北市芳和實驗中學,大安區,2025-10-25 16:30:04,臥龍街170號(前),Daan Dist.,YouBike2.0_Taipei City FangHe Experimental High School,No. 170， Wolong St.,1,2025-10-25 18:31:29,2025-10-25 18:31:52,2025-10-25 16:30:04,2025-10-25,76,34,25.0189,121.55013,42,2025-10-25 10:32:51.141129,10,5,1,2025-10-25,0.4473684210526316
500101097,YouBike2.0_臥龍樂業街口,大安區,2025-10-25 17:40:03,臥龍街234-2號,Daan Dist.,YouBike2.0_Wolong Leye St. Intersection,No. 234-2， Wolong St.,1,2025-10-25 18:31:29,2025-10-25 18:31:52,2025-10-25 17:40:03,2025-10-25,41,20,25.01856,121.55558,21,2025-10-25 10:32:51.141129,10,5,1,2025-10-25,0.4878048780487805
500101098,YouBike2.0_臥龍公園,大安區,2025-10-25 13:50:05,辛亥路三段223號西側,Daan Dist.,YouBike2.0_Wolong Park,No. 223， Sec. 3， Xinhai Rd. (West),1,2025-10-25 18:31:29,2025-10-25 18:31:52,2025-10-25 13:50:05,2025-10-25,25,15,25.01623,121.55037,10,2025-10-25 10:32:51.141129,10,5,1,2025-10-25,0.6
500101099,YouBike2.0_嘉興公園,大安區,2025-10-25 17:50:02,樂業街101巷3號西北側,Daan Dist.,YouBike2.0_Jiaxing Park,No. 3， Ln. 101， Leye St. (Northwest),1,2025-10-25 18:31:29,2025-10-25 18:31:52,2025-10-25 17:50:02,2025-10-25,44,20,25.021,121.55211,24,2025-10-25 10:32:51.141129,10,5,1,2025-10-25,0.45454545454545453
500101100,YouBike2.0_捷運麟光站(2號出口),大安區,2025-10-25 17:20:02,和平東路三段420號東北側,Daan Dist.,YouBike2.0_MRT Linguang Sta. (Exit 2),No. 420， Sec. 3， Heping E. Rd. (Northeast),1,2025-10-25 18:31:29,2025-10-25 18:31:52,2025-10-25 17:20:02,2025-10-25,69,32,25.0181,121.55929,37,2025-10-25 10:32:51.141129,10,5,1,2025-10-25,0.463768115942029
500101101,YouBike2.0_捷運六張犁站,大安區,2025-10-25 18:30:03,和平東路三段410號,Daan Dist.,YouBike2.0_MRT Liuzhangli Sta.,No. 410， Sec. 3， Heping E. Rd.,1,2025-10-25 18:31:29,2025-10-25 18:31:52,2025-10-25 18:30:03,2025-10-25,64,6,25.02397,121.55266,58,2025-10-25 10:32:51.141129,10,5,1,2025-10-25,0.09375
500101102,YouBike2.0_喬治工商,大安區,2025-10-25 17:40:03,基隆路二段166號,Daan Dist.,YouBike2.0_George Vocational High School of Taipei,No. 166， Sec. 2， Keelung Rd.,1,2025-10-25 18:31:29,2025-10-25 18:31:52,2025-10-25 17:40:03,2025-10-25,24,19,25.02705,121.55551,5,2025-10-25 10:32:51.141129,10,5,1,2025-10-25,0.7916666666666666
500101103,YouBike2.0_法治公園,大安區,2025-10-25 17:50:02,通化街189號西側,Daan Dist.,YouBike2.0_Fazhi Park,No. 189， Tonghua St. (West),1,2025-10-25 18:31:29,2025-10-25 18:31:52,2025-10-25 17:50:02,2025-10-25,30,6,25.02694,121.55325,23,2025-10-25 10:32:51.141129,10,5,1,2025-10-25,0.2
500101104,YouBike2.0_捷運臺電大樓站(2號出口),大安區,2025-10-25 18:31:15,辛亥路一段/羅斯福路三段口北側(辛亥路側),Daan Dist.,YouBike2.0_MRT Taipower Building Sta. (Exit 2),Sec. 1， Xinhai Rd & Sec. 3， Roosevelt Rd (North),1,2025-10-25 18:31:29,2025-10-25 18:31:52,2025-10-25 18:31:15,2025-10-25,18,0,25.02021,121.52942,18,2025-10-25 10:32:51.141129,10,5,1,2025-10-25,0.0
500101105,YouBike2.0_和平金山路口,大安區,2025-10-25 18:30:03,和平東路一段/金山南路二段西南側,Daan Dist.,YouBike2.0_Sec. 1， Heping E. Rd & Sec. 2， Jinshan S. Rd Intersection,Sec. 1， Heping E. Rd & Sec. 2， Jinshan S. Rd Intersection (Southwest),1,2025-10-25 18:31:29,2025-10-25 18:31:52,2025-10-25 18:30:03,2025-10-25,58,4,25.02669,121.52529,54,2025-10-25 10:32:51.141129,10,5,1,2025-10-25,0.06896551724137931
500101107,YouBike2.0_和平龍泉街口,大安區,2025-10-25 17:40:03,和平東路一段/龍泉街口西南側,Daan Dist.,YouBike2.0_Sec. 1， Heping E. Rd & Longquan St. Intersection,Sec. 1， Heping E. Rd & Longquan St. Intersection (Southwest),1,2025-10-25 18:31:29,2025-10-25 18:31:52,2025-10-25 17:40:03,2025-10-25,34,6,25.02638,121.52971,27,2025-10-25 10:32:51.141129,10,5,1,2025-10-25,0.17647058823529413
500101108,YouBike2.0_和平泰順街口,大安區,2025-10-25 17:50:02,和平東路一段/泰順街口東南側,Daan Dist.,YouBike2.0_Sec. 1， Heping E. Rd & Taishun St  Intersection,Sec. 1， Heping E. Rd & Taishun St  Intersection (Southeast),1,2025-10-25 18:31:29,2025-10-25 18:31:52,2025-10-25 17:50:02,2025-10-25,19,6,25.02621,121.53171,13,2025-10-25 10:32:51.141129,10,5,1,2025-10-25,0.3157894736842105
500101109,YouBike2.0_臺灣師範大學(圖書館),大安區,2025-10-25 17:50:02,和平東路一段129號前,Daan Dist.,YouBike2.0_National Taiwan Normal University (library),No. 129， Sec. 1， Heping E. Rd.,1,2025-10-25 18:31:29,2025-10-25 18:31:52,2025-10-25 17:50:02,2025-10-25,40,18,25.0266,121.52973,22,2025-10-25 10:32:51.141129,10,5,1,2025-10-25,0.45
500101110,YouBike2.0_捷運古亭站(6號出口),大安區,2025-10-25 18:30:03,羅斯福路二段41號前,Daan Dist.,YouBike2.0_MRT Guting Sta. (Exit 6),No. 41， Sec. 2， Roosevelt Rd,1,2025-10-25 18:31:29,2025-10-25 18:31:52,2025-10-25 18:30:03,2025-10-25,60,36,25.0276,121.52217,21,2025-10-25 10:32:51.141129,10,5,1,2025-10-25,0.6
500101113,YouBike2.0_臺北市立圖書館(總館),大安區,2025-10-25 17:50:02,建國南路二段/建國南路二段151巷(橋下空間),Daan Dist.,YouBike2.0_Taipei Public library,Sec. 2， Jianguo S. Rd & Ln. 151， Sec. 2， Jianguo S. Rd (Under Bridge),1,2025-10-25 18:31:29,2025-10-25 18:31:52,2025-10-25 17:50:02,2025-10-25,99,70,25.02895,121.5379,28,2025-10-25 10:32:51.141129,10,5,1,2025-10-25,0.7070707070707071
500101114,YouBike2.0_新生和平路口東北側,大安區,2025-10-25 17:40:03,新生南路二段與和平東路二段口東北側,Daan Dist.,YouBike2.0_Sec. 2， Xinsheng S. Rd & Sec. 2， Heping E. Rd Intersection,Sec. 2， Xinsheng S. Rd & Sec. 2， Heping E. Rd (Northeast),1,2025-10-25 18:31:29,2025-10-25 18:31:52,2025-10-25 17:40:03,2025-10-25,51,34,25.02657,121.53515,17,2025-10-25 10:32:51.141129,10,5,1,2025-10-25,0.6666666666666666
500101115,YouBike2.0_建國和平路口西北側,大安區,2025-10-25 17:50:02,建國南路二段與和平東路二段口西北側,Daan Dist.,YouBike2.0_Sec. 2， Jianguo S. Rd & Sec. 2， Heping E. Rd Intersection,Sec. 2， Jianguo S. Rd & Sec. 2， Heping E. Rd. (Northwest),1,2025-10-25 18:31:29,2025-10-25 18:31:52,2025-10-25 17:50:02,2025-10-25,50,34,25.02606,121.53738,16,2025-10-25 10:32:51.141129,10,5,1,2025-10-25,0.68
500101116,YouBike2.0_金華公園,大安區,2025-10-25 17:40:03,金華街249號對面,Daan Dist.,YouBike2.0_Jinhua Park,No. 249， Jinhua St. (Opposite),1,2025-10-25 18:31:29,2025-10-25 18:31:52,2025-10-25 17:40:03,2025-10-25,44,18,25.02984,121.53107,26,2025-10-25 10:32:51.141129,10,5,1,2025-10-25,0.4090909090909091
500101118,YouBike2.0_金甌女中,大安區,2025-10-25 18:30:03,信義路二段與杭州南路二段東南側,Daan Dist.,YouBike2.0_Jin'ou Girls High School,Sec. 2， Xinyi Rd. & Sec. 2， Hangzhou S. Rd. (Southeast),1,2025-10-25 18:31:29,2025-10-25 18:31:52,2025-10-25 18:30:03,2025-10-25,15,3,25.03519,121.5245,12,2025-10-25 10:32:51.141129,10,5,1,2025-10-25,0.2
500101119,YouBike2.0_金杭公園,大安區,2025-10-25 18:30:03,愛國東路21巷與杭州南路二段25巷口東南側,Daan Dist.,YouBike2.0_Jinhang Park,Ln. 21， Aiguo E. Rd. & Ln. 25， Sec. 2， Hangzhou S. Rd. Intersection (Southeast),1,2025-10-25 18:31:29,2025-10-25 18:31:52,2025-10-25 18:30:03,2025-10-25,20,9,25.03325,121.52436,10,2025-10-25 10:32:51.141129,10,5,1,2025-10-25,0.45
500101120,YouBike2.0_愛國金山路口,大安區,2025-10-25 17:30:03,愛國東路與杭州南路二段口西南側,Daan Dist.,YouBike2.0_Aiguo & Jinshan Rd. Intersection,Aiguo E. Rd. & Sec. 2， Hangzhou S. Rd. Intersection (Southwest),1,2025-10-25 18:31:29,2025-10-25 18:31:52,2025-10-25 17:30:03,2025-10-25,57,13,25.03164,121.52661,44,2025-10-25 10:32:51.141129,10,5,1,2025-10-25,0.22807017543859648
500101122,YouBike2.0_敦化南路二段293巷口南側,大安區,2025-10-25 10:48:02,敦化南路二段293巷口南側,Daan Dist.,YouBike2.0_Ln. 293， Sec. 2， Dunhua S. Rd (South),Ln. 293， Sec. 2， Dunhua S. Rd. (South),1,2025-10-25 18:31:29,2025-10-25 18:31:52,2025-10-25 10:48:02,2025-10-25,14,8,25.0237,121.54899,6,2025-10-25 10:32:51.141129,10,5,1,2025-10-25,0.5714285714285714
500101123,YouBike2.0_敦化基隆路口,大安區,2025-10-25 17:10:03,敦化南路二段218號,Daan Dist.,YouBike2.0_Sec. 2， Dunhua S. Rd & Sec. 2， Keelung Rd Intersection,No. 218， Sec. 2， Dunhua S. Rd,1,2025-10-25 18:31:29,2025-10-25 18:31:52,2025-10-25 17:10:03,2025-10-25,38,16,25.02215,121.54839,22,2025-10-25 10:32:51.141129,10,5,1,2025-10-25,0.42105263157894735
500101124,YouBike2.0_安和路二段181巷口,大安區,2025-10-25 16:00:02,安和路二段185號,Daan Dist.,YouBike2.0_Ln. 181， Sec. 2， Anhe Rd,No185， Sec. 2， Anhe Rd,1,2025-10-25 18:31:29,2025-10-25 18:31:52,2025-10-25 16:00:02,2025-10-25,29,12,25.02721,121.54988,17,2025-10-25 10:32:51.141129,10,5,1,2025-10-25,0.41379310344827586
500101125,YouBike2.0_臨江街夜市(通化街101巷口),大安區,2025-10-25 18:30:03,通化街111號,Daan Dist.,YouBike2.0_Linjiang St night market (Ln. 101， Tonghua St),No. 101， Tonghua St.,1,2025-10-25 18:31:29,2025-10-25 18:31:52,2025-10-25 18:30:03,2025-10-25,30,14,25.02952,121.55406,12,2025-10-25 10:32:51.141129,10,5,1,2025-10-25,0.4666666666666667
500101126,YouBike2.0_臨江街夜市(基隆路),大安區,2025-10-25 16:47:02,基隆路二段108號,Daan Dist.,YouBike2.0_Linjiang St night market (Keelung Rd),No. 108， Sec. 2， Keelung Rd.,1,2025-10-25 18:31:29,2025-10-25 18:31:52,2025-10-25 16:47:02,2025-10-25,29,6,25.02931,121.55721,23,2025-10-25 10:32:51.141129,10,5,1,2025-10-25,0.20689655172413793
500101127,YouBike2.0_台北科技大學億光大樓,大安區,2025-10-25 17:20:02,忠孝東路三段81號,Daan Dist.,YouBike2.0_National Taipei University of Technology (Everlight Building),No. 81， Sec. 3， Zhongxiao E. Rd.,1,2025-10-25 18:31:29,2025-10-25 18:31:52,2025-10-25 17:20:02,2025-10-25,45,10,25.04177,121.53833,35,2025-10-25 10:32:51.141129,10,5,1,2025-10-25,0.2222222222222222
500101129,YouBike2.0_幸安國小(仁愛路),大安區,2025-10-25 17:40:03,仁愛路三段22號,Daan Dist.,YouBike2.0_Xing'an Elementary School (Ren'ai Rd),No. 22， Sec. 3， Ren'ai Rd.,1,2025-10-25 18:31:29,2025-10-25 18:31:52,2025-10-25 17:40:03,2025-10-25,28,16,25.03753,121.53523,12,2025-10-25 10:32:51.141129,10,5,1,2025-10-25,0.5714285714285714
500101130,YouBike2.0_民榮公園,大安區,2025-10-25 17:40:03,建國南路一段304巷45號南側,Daan Dist.,YouBike2.0_Minrong Park,No. 45， Ln. 304， Sec. 1， Jianguo S. Rd. (South),1,2025-10-25 18:31:29,2025-10-25 18:31:52,2025-10-25 17:40:03,2025-10-25,15,2,25.03534,121.5354,13,2025-10-25 10:32:51.141129,10,5,1,2025-10-25,0.13333333333333333
500101131,YouBike2.0_復興南路1段340巷口,大安區,2025-10-25 18:30:03,復興南路一段信義路三段147巷45弄口,Daan Dist.,YouBike2.0_Ln. 340， Sec. 1， Fuxing S. Rd Intersection,Sec. 1， Fuxing S. Rd & Aly. 45， Ln. 147， Sec. 3， Xinyi Rd Intersection.,1,2025-10-25 18:31:29,2025-10-25 18:31:52,2025-10-25 18:30:03,2025-10-25,50,31,25.03701,121.54348,19,2025-10-25 10:32:51.141129,10,5,1,2025-10-25,0.62
500101132,YouBike2.0_建國濟南路口,大安區,2025-10-25 17:13:15,建國南路一段/濟南路三段口(東南側),Daan Dist.,YouBike2.0_Sec. 1， Jianguo S. Rd & Sec. 3， Jinan Rd Intersection,Sec. 1， Jianguo S. Rd & Sec. 3， Jinan Rd Intersection. (Southeast),1,2025-10-25 18:31:29,2025-10-25 18:31:52,2025-10-25 17:13:15,2025-10-25,54,1,25.03935,121.53828,52,2025-10-25 10:32:51.141129,10,5,1,2025-10-25,0.018518518518518517
500101133,YouBike2.0_捷運忠孝復興站(2號出口),大安區,2025-10-25 17:40:03,復興南路一段/仁愛路三段123巷13弄(西北側),Daan Dist.,YouBike2.0_MRT Zhongxiao Fuxing Sta (Exit 2),Sec. 1， Fuxing S. R & Aly. 13， Ln. 123， Sec. 3， Ren'ai Rd. (Northwest),1,2025-10-25 18:31:29,2025-10-25 18:31:52,2025-10-25 17:40:03,2025-10-25,43,19,25.04035,121.5436,20,2025-10-25 10:32:51.141129,10,5,1,2025-10-25,0.4418604651162791
500101134,YouBike2.0_捷運大安站(4號出口),大安區,2025-10-25 18:30:03,信義路4段6號(前),Daan Dist.,YouBike2.0_MRT Da’an Sta (Exit 4),No. 6， Sec. 4， Xinyi Rd.,1,2025-10-25 18:31:29,2025-10-25 18:31:52,2025-10-25 18:30:03,2025-10-25,13,1,25.0332,121.5439,12,2025-10-25 10:32:51.141129,10,5,1,2025-10-25,0.07692307692307693
500101135,YouBike2.0_捷運大安站(2號出口),大安區,2025-10-25 17:50:02,信義路3段143號(前),Daan Dist.,YouBike2.0_MRT Da’an Sta (Exit 2),No. 143， Sec. 3， Xinyi Rd.,1,2025-10-25 18:31:29,2025-10-25 18:31:52,2025-10-25 17:50:02,2025-10-25,26,5,25.03358,121.54141,21,2025-10-25 10:32:51.141129,10,5,1,2025-10-25,0.19230769230769232
500101136,YouBike2.0_信義大安路口(信維大樓),大安區,2025-10-25 17:50:02,信義路四段74號(前),Daan Dist.,YouBike2.0_Sec. 4， Xinyi Rd & Da’an Rd Intersection (Xinwei Building),No. 74， Sec. 4， Xinyi Rd.,1,2025-10-25 18:31:29,2025-10-25 18:31:52,2025-10-25 17:50:02,2025-10-25,18,8,25.03317,121.54639,10,2025-10-25 10:32:51.141129,10,5,1,2025-10-25,0.4444444444444444
500101137,YouBike2.0_龍門廣場,大安區,2025-10-25 17:50:02,敦化南路一段與敦化南路一段236巷口,Daan Dist.,YouBike2.0_Long Men Plaza,Sec. 1， Dunhua S. Rd & Ln. 236， Sec. 1， Dunhua S. Rd Intersection.,1,2025-10-25 18:31:29,2025-10-25 18:31:52,2025-10-25 17:50:02,2025-10-25,70,43,25.04092,121.54825,27,2025-10-25 10:32:51.141129,10,5,1,2025-10-25,0.6142857142857143
500101138,YouBike2.0_仁愛安和路口,大安區,2025-10-25 18:30:03,仁愛路四段258號前,Daan Dist.,YouBike2.0_Sec. 4， Ren'ai Rd & Sec. 1， Anhe Rd Intersection,No. 74， Sec. 4， Ren'ai Rd.,1,2025-10-25 18:31:29,2025-10-25 18:31:52,2025-10-25 18:30:03,2025-10-25,33,8,25.03754,121.55285,25,2025-10-25 10:32:51.141129,10,5,1,2025-10-25,0.24242424242424243
500101139,YouBike2.0_信義敦化路口,大安區,2025-10-25 17:30:03,信義路四段155號前,Daan Dist.,YouBike2.0_Sec. 4， Xinyi Rd & Sec. 1， Dunhua S. Rd Intersection,No. 155， Sec. 4， Xinyi Rd,1,2025-10-25 18:31:29,2025-10-25 18:31:52,2025-10-25 17:30:03,2025-10-25,52,35,25.03333,121.54977,16,2025-10-25 10:32:51.141129,10,5,1,2025-10-25,0.6730769230769231
500101140,YouBike2.0_仁愛國中,大安區,2025-10-25 15:10:03,安和路一段75號(對面),Daan Dist.,YouBike2.0_Ren Ai Junior High School,No. 75， Sec. 1， Anhe Rd.,1,2025-10-25 18:31:29,2025-10-25 18:31:52,2025-10-25 15:10:03,2025-10-25,25,9,25.03706,121.55166,16,2025-10-25 10:32:51.141129,10,5,1,2025-10-25,0.36
500101141,YouBike2.0_捷運信義安和站(2號出口),大安區,2025-10-25 18:30:03,信義路四段188號前,Daan Dist.,YouBike2.0_MRT Xinyi Anhe Sta (Exit 2),No. 188， Sec. 4， Xinyi Rd,1,2025-10-25 18:31:29,2025-10-25 18:31:52,2025-10-25 18:30:03,2025-10-25,24,20,25.03304,121.55171,3,2025-10-25 10:32:51.141129,10,5,1,2025-10-25,0.8333333333333334
500101142,YouBike2.0_八德市場,大安區,2025-10-25 17:50:02,市民大道三段170號,Daan Dist.,YouBike2.0_Bade Traditional Market,No. 170， Sec. 3， Civic Blvd.,1,2025-10-25 18:31:29,2025-10-25 18:31:52,2025-10-25 17:50:02,2025-10-25,30,2,25.04463,121.53665,28,2025-10-25 10:32:51.141129,10,5,1,2025-10-25,0.06666666666666667
500101143,YouBike2.0_昌隆公園,大安區,2025-10-25 17:50:02,市民大道三段206號西側,Daan Dist.,YouBike2.0_Changlong Park,No. 206， Sec. 3， Civic Blvd. (West),1,2025-10-25 18:31:29,2025-10-25 18:31:52,2025-10-25 17:50:02,2025-10-25,16,7,25.04448,121.53946,9,2025-10-25 10:32:51.141129,10,5,1,2025-10-25,0.4375
500101144,YouBike2.0_捷運大安森林公園站(2號出口),大安區,2025-10-25 18:30:03,捷運大安森林公園站(2號出口)西側,Daan Dist.,YouBike2.0_MRT Daan Park Sta. (Exit 2),MRT Daan Park Sta. (Exit 2) (West),1,2025-10-25 18:31:29,2025-10-25 18:31:52,2025-10-25 18:30:03,2025-10-25,69,49,25.03332,121.53435,20,2025-10-25 10:32:51.141129,10,5,1,2025-10-25,0.7101449275362319
500101145,YouBike2.0_信義延吉街口,大安區,2025-10-25 17:40:03,信義路四段353號,Daan Dist.,YouBike2.0_Sec. 4，Xinyi Rd & Yanji St Intersection,No. 353， Sec. 4， Xinyi Rd.,1,2025-10-25 18:31:29,2025-10-25 18:31:52,2025-10-25 17:40:03,2025-10-25,15,5,25.03318,121.55725,10,2025-10-25 10:32:51.141129,10,5,1,2025-10-25,0.3333333333333333
500101146,YouBike2.0_光信公園(光復南路456巷),大安區,2025-10-25 18:03:15,延吉街249號,Daan Dist.,YouBike2.0_Guangxin Park (Ln. 456， Guangfu S. Rd),No. 249， Yanji St.,1,2025-10-25 18:31:29,2025-10-25 18:31:52,2025-10-25 18:03:15,2025-10-25,25,23,25.03513,121.5561,2,2025-10-25 10:32:51.141129,10,5,1,2025-10-25,0.92
500101147,YouBike2.0_僑安地下停車場(2號出口)東南側,大安區,2025-10-25 18:30:03,光復南路290巷5號,Daan Dist.,YouBike2.0_Qiao An Dixia Parking (Exit 2) (Southeast),No. 5， Ln. 290， Guangfu S. Rd,1,2025-10-25 18:31:29,2025-10-25 18:31:52,2025-10-25 18:30:03,2025-10-25,20,16,25.0391,121.5569,4,2025-10-25 10:32:51.141129,10,5,1,2025-10-25,0.8
500101148,YouBike2.0_建國南路一段279巷口,大安區,2025-10-25 18:29:15,建國南路一段275號,Daan Dist.,YouBike2.0_Ln. 279， Sec. 1， Jianguo S. Rd Intersection,No. 275， Sec. 1， Jianguo S. Rd.,1,2025-10-25 18:31:29,2025-10-25 18:31:52,2025-10-25 18:29:15,2025-10-25,62,1,25.03635,121.53833,59,2025-10-25 10:32:51.141129,10,5,1,2025-10-25,0.016129032258064516
500101150,YouBike2.0_捷運忠孝新生站(4號出口),大安區,2025-10-25 17:30:03,忠孝新生路口北側,Daan Dist.,YouBike2.0_MRT Zhongxiao Xinsheng Sta. (Exit 4),Zhongxiao & Xinsheng S. Rd Intersection. (North),1,2025-10-25 18:31:29,2025-10-25 18:31:52,2025-10-25 17:30:03,2025-10-25,46,11,25.04239,121.53324,35,2025-10-25 10:32:51.141129,10,5,1,2025-10-25,0.2391304347826087
500101151,YouBike2.0_大安高工,大安區,2025-10-25 18:30:03,復興南路二段52號(前),Daan Dist.,YouBike2.0_Daan Vocational High School,No. 52， Sec. 2， Fuxing S. Rd.,1,2025-10-25 18:31:29,2025-10-25 18:31:52,2025-10-25 18:30:03,2025-10-25,23,9,25.03126,121.54339,14,2025-10-25 10:32:51.141129,10,5,1,2025-10-25,0.391304347826087
500101152,YouBike2.0_捷運忠孝新生站(3號出口),大安區,2025-10-25 17:00:04,忠孝東路三段與10巷口,Daan Dist.,YouBike2.0_MRT Zhongxiao Xinsheng Sta. (Exit 3),Sec. 3， Zhongxiao E. Rd & Ln. 10， Sec. 3， Zhongxiao E. Rd Intersection,1,2025-10-25 18:31:29,2025-10-25 18:31:52,2025-10-25 17:00:04,2025-10-25,43,8,25.04189,121.53376,35,2025-10-25 10:32:51.141129,10,5,1,2025-10-25,0.18604651162790697
500101153,YouBike2.0_瑠公公園,大安區,2025-10-25 15:52:01,忠孝東路四段49巷4弄/大安路口,Daan Dist.,YouBike2.0_Liugong Park,Aly. 4， Ln. 49， Sec. 4， Zhongxiao E. Rd./Da'an Rd. Intersection,1,2025-10-25 18:31:29,2025-10-25 18:31:52,2025-10-25 15:52:01,2025-10-25,20,10,25.04201,121.54612,10,2025-10-25 10:32:51.141129,10,5,1,2025-10-25,0.5
500101154,YouBike2.0_敦化市民路口,大安區,2025-10-25 16:40:02,敦化南路1段158號(前),Daan Dist.,YouBike2.0_Dunhua S. Rd. & Civic Blvd. Intersection,No. 158， Sec. 1， Dunhua S. Rd.,1,2025-10-25 18:31:29,2025-10-25 18:31:52,2025-10-25 16:40:02,2025-10-25,23,9,25.04405,121.5486,11,2025-10-25 10:32:51.141129,10,5,1,2025-10-25,0.391304347826087
500101155,YouBike2.0_捷運大安森林公園站(5號出口),大安區,2025-10-25 18:30:03,捷運大安森林公園站(5號出口)東側,Daan Dist.,YouBike2.0_MRT Daan Park Sta. (Exit 5),MRT Daan Park Sta. (Exit 5) (East),1,2025-10-25 18:31:29,2025-10-25 18:31:52,2025-10-25 18:30:03,2025-10-25,15,10,25.03336,121.5364,5,2025-10-25 10:32:51.141129,10,5,1,2025-10-25,0.6666666666666666
500101156,YouBike2.0_信義建國路口,大安區,2025-10-25 17:50:02,建國南路二段與信義路三段口西南側,Daan Dist.,YouBike2.0_Xinyi Rd. & Jianguo Rd. Intersection,Sec. 2， Jianguo S Rd. & Sec. 3， Xinyi Rd. Intersection (Southwest),1,2025-10-25 18:31:29,2025-10-25 18:31:52,2025-10-25 17:50:02,2025-10-25,52,36,25.0328,121.53746,16,2025-10-25 10:32:51.141129,10,5,1,2025-10-25,0.6923076923076923
500101157,YouBike2.0_東豐公園,大安區,2025-10-25 17:40:03,東豐街24號(旁公園路側),Daan Dist.,YouBike2.0_Dongfeng Park,No. 24， Dongfeng St.,1,2025-10-25 18:31:29,2025-10-25 18:31:52,2025-10-25 17:40:03,2025-10-25,19,10,25.03569,121.5451,9,2025-10-25 10:32:51.141129,10,5,1,2025-10-25,0.5263157894736842
500101158,YouBike2.0_德安公園(四維路66巷),大安區,2025-10-25 18:30:03,四維路66巷6號北側,Daan Dist.,YouBike2.0_Dean Park,No. 6， Ln. 66， Siwei Rd.,1,2025-10-25 18:31:29,2025-10-25 18:31:52,2025-10-25 18:30:03,2025-10-25,22,20,25.03473,121.54767,1,2025-10-25 10:32:51.141129,10,5,1,2025-10-25,0.9090909090909091
500101159,YouBike2.0_捷運忠孝復興站(5號出口),大安區,2025-10-25 16:30:04,復興南路一段135巷口,Daan Dist.,YouBike2.0_MRT Zhongxiao Fuxing Sta (Exit 5),No. 3， Ln. 135， Sec. 1， Fuxing S. Rd. (Opposite),1,2025-10-25 18:31:29,2025-10-25 18:31:52,2025-10-25 16:30:04,2025-10-25,30,15,25.04253,121.54407,15,2025-10-25 10:32:51.141129,10,5,1,2025-10-25,0.5
500101160,YouBike2.0_捷運忠孝敦化站(2號出口),大安區,2025-10-25 17:50:02,忠孝東路四段221號,Daan Dist.,YouBike2.0_MRT Zhongxiao Dunhua Sta. (Exit 2),No. 221， Sec. 4， Zhongxiao E. Rd.,1,2025-10-25 18:31:29,2025-10-25 18:31:52,2025-10-25 17:50:02,2025-10-25,17,9,25.04153,121.5524,8,2025-10-25 10:32:51.141129,10,5,1,2025-10-25,0.5294117647058824
500101161,YouBike2.0_捷運忠孝敦化站(7號出口),大安區,2025-10-25 17:40:03,忠孝東路四段143號,Daan Dist.,YouBike2.0_MRT Zhongxiao Dunhua Sta. (Exit 7),No. 143， Sec. 4， Zhongxiao E. Rd.,1,2025-10-25 18:31:29,2025-10-25 18:31:52,2025-10-25 17:40:03,2025-10-25,18,5,25.04159,121.54937,12,2025-10-25 10:32:51.141129,10,5,1,2025-10-25,0.2777777777777778
500101162,YouBike2.0_忠孝東路四段223巷口(市民大道側),大安區,2025-10-25 18:18:16,忠孝東路四段223巷77號北側,Daan Dist.,YouBike2.0_Ln. 223， Sec. 4， Zhongxiao E. Rd. Intersection,No. 77， Ln. 223， Sec. 4， Zhongxiao E. Rd. (North),1,2025-10-25 18:31:29,2025-10-25 18:31:52,2025-10-25 18:18:16,2025-10-25,25,22,25.04427,121.55291,3,2025-10-25 10:32:51.141129,10,5,1,2025-10-25,0.88
500101163,YouBike2.0_瑞安街208巷,大安區,2025-10-25 18:30:03,瑞安街208巷39號對面,Daan Dist.,YouBike2.0_Ln. 208， Rui'an St.,No. 39， Ln. 208， Rui'an St. (Opposite),1,2025-10-25 18:31:29,2025-10-25 18:31:52,2025-10-25 18:30:03,2025-10-25,15,12,25.02979,121.54053,3,2025-10-25 10:32:51.141129,10,5,1,2025-10-25,0.8
500101165,YouBike2.0_樂利路21巷口,大安區,2025-10-25 18:30:03,樂利路25號,Daan Dist.,YouBike2.0_Ln. 21， Leli Rd. Intersection,No. 25， Leli Rd.,1,2025-10-25 18:31:29,2025-10-25 18:31:52,2025-10-25 18:30:03,2025-10-25,17,15,25.0277,121.55132,2,2025-10-25 10:32:51.141129,10,5,1,2025-10-25,0.8823529411764706
500101166,YouBike2.0_捷運科技大樓站(台北教育大學),大安區,2025-10-25 17:20:02,和平東路二段134號前,Daan Dist.,YouBike2.0_MRT Technology Building Station,No. 134， Sec. 2， Heping E. Rd.,1,2025-10-25 18:31:29,2025-10-25 18:31:52,2025-10-25 17:20:02,2025-10-25,54,36,25.02472,121.54417,18,2025-10-25 10:32:51.141129,10,5,1,2025-10-25,0.6666666666666666
500101167,YouBike2.0_捷運國父紀念館站(2號出口),大安區,2025-10-25 18:30:03,忠孝東路四段/光復南路口(西南側),Daan Dist.,YouBike2.0_MRT S.Y.S Memorial Hall Stataion(Exit 2.),Sec. 4， Jhongsiao E. Rd. & Guangfu S. Rd. Intersection (Southwest),1,2025-10-25 18:31:29,2025-10-25 18:31:52,2025-10-25 18:30:03,2025-10-25,45,36,25.04122,121.55745,9,2025-10-25 10:32:51.141129,10,5,1,2025-10-25,0.8
500101168,YouBike2.0_仁愛醫院,大安區,2025-10-25 17:50:02,仁愛路四段/大安路一段口(西南側),Daan Dist.,YouBike2.0_Taipei City Hospital Renai Branch,Sec. 4， Ren'ai Rd. & Sec. 1， Da'an Rd. Intersection (Southwest),1,2025-10-25 18:31:29,2025-10-25 18:31:52,2025-10-25 17:50:02,2025-10-25,36,3,25.03756,121.54587,32,2025-10-25 10:32:51.141129,10,5,1,2025-10-25,0.08333333333333333
500101169,YouBike2.0_捷運信義安和站(4號出口),大安區,2025-10-25 18:30:03,信義路四段252號前,Daan Dist.,YouBike2.0_MRT Xinyi Anhe Sta.(Exit.4),No. 252， Sec. 4， Sinyi Rd.,1,2025-10-25 18:31:29,2025-10-25 18:31:52,2025-10-25 18:30:03,2025-10-25,49,29,25.03305,121.55378,20,2025-10-25 10:32:51.141129,10,5,1,2025-10-25,0.5918367346938775
500101170,YouBike2.0_成功國宅,大安區,2025-10-25 17:40:03,和平東路三段1巷/四維路198巷口(西北側),Daan Dist.,YouBike2.0_Chenggong Public House,Ln. 1， Sec. 3， Heping E. Rd. & Ln. 198， Sihwei Rd. Intersection (Northwest),1,2025-10-25 18:31:29,2025-10-25 18:31:52,2025-10-25 17:40:03,2025-10-25,36,13,25.02681,121.54668,22,2025-10-25 10:32:51.141129,10,5,1,2025-10-25,0.3611111111111111
500101171,YouBike2.0_仁愛延吉街口,大安區,2025-10-25 17:10:03,仁愛路四段376號前,Daan Dist.,YouBike2.0_Renai & Yanji Intersection,No. 376， Sec. 4， Ren'ai Rd.,1,2025-10-25 18:31:29,2025-10-25 18:31:52,2025-10-25 17:10:03,2025-10-25,33,8,25.03748,121.55564,24,2025-10-25 10:32:51.141129,10,5,1,2025-10-25,0.24242424242424243
500101172,YouBike2.0_捷運信義安和站(1號出口),大安區,2025-10-25 18:24:16,信義路四段225號前,Daan Dist.,YouBike2.0_MRT Xinyi Anhe Sta.(Exit.1),No. 225， Sec. 4， Sinyi Rd.,1,2025-10-25 18:31:29,2025-10-25 18:31:52,2025-10-25 18:24:16,2025-10-25,33,32,25.03331,121.55265,0,2025-10-25 10:32:51.141129,10,5,1,2025-10-25,0.9696969696969697
500101173,YouBike2.0_敦化南路二段103巷口,大安區,2025-10-25 16:10:03,敦化南路二段99號前,Daan Dist.,YouBike2.0_Ln. 103，Sec. 2，Dunhua S. Rd.,No. 99， Sec. 2， Dunhua S. Rd.,1,2025-10-25 18:31:29,2025-10-25 18:31:52,2025-10-25 16:10:03,2025-10-25,24,13,25.0287,121.54904,11,2025-10-25 10:32:51.141129,10,5,1,2025-10-25,0.5416666666666666
500101174,YouBike2.0_復興南路二段128巷口,大安區,2025-10-25 18:30:03,復興南路二段142之1號前,Daan Dist.,YouBike2.0_Ln. 128， Sec. 2， Fuxing S. Rd.,No. 142-1， Sec. 2， Fusing S. Rd.,1,2025-10-25 18:31:29,2025-10-25 18:31:52,2025-10-25 18:30:03,2025-10-25,31,17,25.02861,121.54336,14,2025-10-25 10:32:51.141129,10,5,1,2025-10-25,0.5483870967741935
500101175,YouBike2.0_和平東建國南路口,大安區,2025-10-25 17:48:17,和平東路/建國南路口(北側),Daan Dist.,YouBike2.0_Heping E. Rd. & Jianguo S. Rd. Intersection,Heping E. Rd. & Jianguo S. Rd. Intersection (North),1,2025-10-25 18:31:29,2025-10-25 18:31:52,2025-10-25 17:48:17,2025-10-25,17,16,25.02575,121.5377,1,2025-10-25 10:32:51.141129,10,5,1,2025-10-25,0.9411764705882353
500101176,YouBike2.0_芳蘭山莊,大安區,2025-10-25 17:10:03,基隆路三段155巷148號,Daan Dist.,YouBike2.0_Fanglan,No. 148， Ln. 155， Sec. 3， Keelung Rd.,1,2025-10-25 18:31:29,2025-10-25 18:31:52,2025-10-25 17:10:03,2025-10-25,16,5,25.01223,121.54788,11,2025-10-25 10:32:51.141129,10,5,1,2025-10-25,0.3125
500101177,YouBike2.0_復興南路一段126巷口,大安區,2025-10-25 17:20:02,復興南路一段126巷1號前,Daan Dist.,YouBike2.0_Ln. 126， Sec. 1， Fuxing S. Rd.,No. 1， Ln. 126， Sec. 1， Fuxing S. Rd.,1,2025-10-25 18:31:29,2025-10-25 18:31:52,2025-10-25 17:20:02,2025-10-25,15,4,25.04311,121.54313,11,2025-10-25 10:32:51.141129,10,5,1,2025-10-25,0.26666666666666666
500101179,YouBike2.0_捷運東門站(5號出口),大安區,2025-10-25 18:30:03,信義路二段178號前,Daan Dist.,YouBike2.0_MRT Dongmen Sta. (Exit 5),No. 178， Sec. 2， Xinyi Rd.,1,2025-10-25 18:31:29,2025-10-25 18:31:52,2025-10-25 18:30:03,2025-10-25,28,14,25.03363,121.52962,14,2025-10-25 10:32:51.141129,10,5,1,2025-10-25,0.5
500101180,YouBike2.0_仁愛路四段48巷口,大安區,2025-10-25 18:25:16,仁愛路四段48巷/東豐街(北側),Daan Dist.,YouBike2.0_Ln. 48， Sec. 4， Ren'ai Rd.,Ln. 48， Sec. 4， Ren'ai Rd. & Dongfeng St. Intersection (North),1,2025-10-25 18:31:29,2025-10-25 18:31:52,2025-10-25 18:25:16,2025-10-25,12,12,25.03597,121.54693,0,2025-10-25 10:32:51.141129,10,5,1,2025-10-25,1.0
500101181,YouBike2.0_捷運公館站(3號出口),大安區,2025-10-25 18:30:03,捷運公館站(3號出口)西側,Daan Dist.,YouBike2.0_MRT Gongguan Sta.(Exit.3),MRT Gongguan Sta.(Exit.3)(West),1,2025-10-25 18:31:29,2025-10-25 18:31:52,2025-10-25 18:30:03,2025-10-25,99,45,25.01551,121.53374,53,2025-10-25 10:32:51.141129,10,5,1,2025-10-25,0.45454545454545453
500101182,YouBike2.0_臺北科技大學(電機工程系),大安區,2025-10-25 17:30:03,忠孝東路三段100號對側,Daan Dist.,YouBike2.0_NTUT(EE),No. 100， Sec. 3， Zhongxiao E. Rd. (Opposite),1,2025-10-25 18:31:29,2025-10-25 18:31:52,2025-10-25 17:30:03,2025-10-25,34,7,25.04196,121.53653,27,2025-10-25 10:32:51.141129,10,5,1,2025-10-25,0.20588235294117646
500101184,YouBike2.0_新生南路三段94巷口,大安區,2025-10-25 18:27:17,新生南路三段94號前,Daan Dist.,YouBike2.0_Ln. 94， Sec. 3， Xinsheng S. Rd. Intersection,No. 94， Sec. 3， Xinsheng S. Rd.,1,2025-10-25 18:31:29,2025-10-25 18:31:52,2025-10-25 18:27:17,2025-10-25,15,13,25.01744,121.53334,1,2025-10-25 10:32:51.141129,10,5,1,2025-10-25,0.8666666666666667
500101185,YouBike2.0_辛亥新生路口西北側,大安區,2025-10-25 17:30:03,辛亥路一段/新生南路三段(西北側),Daan Dist.,YouBike2.0_Xinhai Rd. & Xinsheng S. Rd. Intersection,Sec. 1， Xinhai Rd. & Sec. 3， Xinsheng S. Rd. Intersection (Northwest),1,2025-10-25 18:31:29,2025-10-25 18:31:52,2025-10-25 17:30:03,2025-10-25,40,11,25.02267,121.5341,29,2025-10-25 10:32:51.141129,10,5,1,2025-10-25,0.275
500101186,YouBike2.0_捷運大安站(6號出口),大安區,2025-10-25 18:30:03,復興南路一段303號前,Daan Dist.,YouBike2.0_MRT Da’an Sta. (Exit 6),No. 303， Sec. 1， Fuxing S. Rd.,1,2025-10-25 18:31:29,2025-10-25 18:31:52,2025-10-25 18:30:03,2025-10-25,29,16,25.03479,121.54376,13,2025-10-25 10:32:51.141129,10,5,1,2025-10-25,0.5517241379310345
500101187,YouBike2.0_臥龍街195巷口,大安區,2025-10-25 17:34:18,臥龍街/臥龍街195巷(南側),Daan Dist.,YouBike2.0_Ln. 195， Wolong St.,Wolong St. / Ln. 195， Wolong St. Intersection (South),1,2025-10-25 18:31:29,2025-10-25 18:31:52,2025-10-25 17:34:18,2025-10-25,14,1,25.01783,121.55224,13,2025-10-25 10:32:51.141129,10,5,1,2025-10-25,0.07142857142857142
500101188,YouBike2.0_辛亥路三段157巷口,大安區,2025-10-25 16:20:04,辛亥路三段與辛亥路三段157巷口西北側,Daan Dist.,YouBike2.0_Ln. 157， Sec. 3， Xinhai Rd.,Sec. 3， Xinhai Rd. & Ln. 157， Sec. 3， Xinhai Rd. Intersection (Northwest),1,2025-10-25 18:31:29,2025-10-25 18:31:52,2025-10-25 16:20:04,2025-10-25,27,14,25.01727,121.54904,13,2025-10-25 10:32:51.141129,10,5,1,2025-10-25,0.5185185185185185
500101189,YouBike2.0_臥龍基隆路口,大安區,2025-10-25 17:50:02,臥龍街與基隆路二段口東北側,Daan Dist.,YouBike2.0_Wolong St. & Xinyi Rd. Intersection,Wolong St. & Sec. 2， Xinyi Rd. Intersection (Northeast),1,2025-10-25 18:31:29,2025-10-25 18:31:52,2025-10-25 17:50:02,2025-10-25,25,5,25.02039,121.54853,20,2025-10-25 10:32:51.141129,10,5,1,2025-10-25,0.2
500101190,YouBike2.0_敦親公園,大安區,2025-10-25 17:20:02,和平東路二段96巷8之1號(前方),Daan Dist.,YouBike2.0_Dunchin Park,No. 8-1， Ln. 96， Sec. 2， Heping E. Rd.,1,2025-10-25 18:31:29,2025-10-25 18:31:52,2025-10-25 17:20:02,2025-10-25,26,11,25.02347,121.54108,15,2025-10-25 10:32:51.141129,10,5,1,2025-10-25,0.4230769230769231
500101191,YouBike2.0_大安運動中心,大安區,2025-10-25 17:20:02,辛亥路三段55號前方人行道(大安運動中心),Daan Dist.,YouBike2.0_Taipei Daan Sports Center,No. 55， Sec. 3， Xinhai Rd.,1,2025-10-25 18:31:29,2025-10-25 18:31:52,2025-10-25 17:20:02,2025-10-25,33,17,25.02054,121.54561,16,2025-10-25 10:32:51.141129,10,5,1,2025-10-25,0.5151515151515151
500101192,YouBike2.0_和平敦化路口,大安區,2025-10-25 18:06:16,和平東路三段 / 敦化南路二段口(東側),Daan Dist.,YouBike2.0_Heping Rd. & Dunhua Rd. Intersection,Sec. 3， Heping E. Rd. & Sec. 2， Dunhua S. Rd. Intersection (East),1,2025-10-25 18:31:29,2025-10-25 18:31:52,2025-10-25 18:06:16,2025-10-25,36,35,25.02444,121.54908,1,2025-10-25 10:32:51.141129,10,5,1,2025-10-25,0.9722222222222222
500101193,YouBike2.0_基隆長興路口,大安區,2025-10-25 18:30:03,基隆路/長興街(東南側),Daan Dist.,YouBike2.0_Keelung Rd. & Changxing St. Intersection,Keelung Rd. & Changxing St. Intersection (Southeast),1,2025-10-25 18:31:29,2025-10-25 18:31:52,2025-10-25 18:30:03,2025-10-25,51,5,25.01705,121.54435,46,2025-10-25 10:32:51.141129,10,5,1,2025-10-25,0.09803921568627451
500101194,YouBike2.0_仁愛路四段122巷口,大安區,2025-10-25 15:52:01,仁愛路四段118號前,Daan Dist.,YouBike2.0_Ln. 122， Sec. 4， Ren'ai Rd.,No. 188， Sec. 4， Ren'ai Rd.,1,2025-10-25 18:31:29,2025-10-25 18:31:52,2025-10-25 15:52:01,2025-10-25,25,6,25.03762,121.55009,19,2025-10-25 10:32:51.141129,10,5,1,2025-10-25,0.24
500101196,YouBike2.0_市民敦化路口,大安區,2025-10-25 17:20:02,敦化南路一段111號前,Daan Dist.,YouBike2.0_Civic Blvd. & Dunhua Rd. Intersection,No. 111， Sec. 1， Dunhua S. Rd.,1,2025-10-25 18:31:29,2025-10-25 18:31:52,2025-10-25 17:20:02,2025-10-25,32,16,25.04464,121.54944,16,2025-10-25 10:32:51.141129,10,5,1,2025-10-25,0.5
500101197,YouBike2.0_忠孝東路四段49巷口,大安區,2025-10-25 17:20:02,忠孝東路四段55號前,Daan Dist.,YouBike2.0_Ln. 49， Sec. 4， Zhongxiao E. Rd.,No. 55， Sec. 4， Zhongxiao E. Rd.,1,2025-10-25 18:31:29,2025-10-25 18:31:52,2025-10-25 17:20:02,2025-10-25,15,6,25.04172,121.54541,9,2025-10-25 10:32:51.141129,10,5,1,2025-10-25,0.4
500101198,YouBike2.0_市民復興路口(東南側),大安區,2025-10-25 17:20:02,市民大道四段/復興路一段口(東南側),Daan Dist.,YouBike2.0_Civic Blvd. & Fuxing Rd. Intersection (Southeast),Sec. 4， Civic Blvd. & Sec. 1， Fuxing S. Rd. Intersection (Southeast),1,2025-10-25 18:31:29,2025-10-25 18:31:52,2025-10-25 17:20:02,2025-10-25,26,3,25.04472,121.54401,23,2025-10-25 10:32:51.141129,10,5,1,2025-10-25,0.11538461538461539
500101199,YouBike2.0_和平新生路口西南側,大安區,2025-10-25 18:30:03,新生南路三段2號前,Daan Dist.,YouBike2.0_Heping Rd. & Xinsheng S. Rd. Intersection (Southwest),No. 2， Sec. 3， Xinsheng S. Rd.,1,2025-10-25 18:31:29,2025-10-25 18:31:52,2025-10-25 18:30:03,2025-10-25,24,5,25.02604,121.534,18,2025-10-25 10:32:51.141129,10,5,1,2025-10-25,0.20833333333333334
500101200,YouBike2.0_全安公園,大安區,2025-10-25 18:18:16,安和路二段227巷16號對側,Daan Dist.,YouBike2.0_Quanan Park,No. 16， Ln. 227， Sec. 2， Anhe Rd. (Opposite),1,2025-10-25 18:31:29,2025-10-25 18:31:52,2025-10-25 18:18:16,2025-10-25,16,3,25.02535,121.55101,13,2025-10-25 10:32:51.141129,10,5,1,2025-10-25,0.1875
500101201,YouBike2.0_信義路三段134巷口,大安區,2025-10-25 17:50:02,信義路三段/信義路三段134巷口,Daan Dist.,YouBike2.0_Ln. 134， Sec. 3， Xinyi Rd.,Sec. 3， Xinyi Rd. & Ln. 134， Sec. 3， Xinyi Rd. Intersection,1,2025-10-25 18:31:29,2025-10-25 18:31:52,2025-10-25 17:50:02,2025-10-25,28,7,25.03333,121.53968,21,2025-10-25 10:32:51.141129,10,5,1,2025-10-25,0.25
500101202,YouBike2.0_仁愛敦南圓環(東南側),大安區,2025-10-25 18:30:03,仁愛路四段110號前,Daan Dist.,YouBike2.0_Renai Dunnan Traffic Cir (Southeast),No. 110， Sec. 4， Ren'ai Rd.,1,2025-10-25 18:31:29,2025-10-25 18:31:52,2025-10-25 18:30:03,2025-10-25,16,13,25.03715,121.54936,3,2025-10-25 10:32:51.141129,10,5,1,2025-10-25,0.8125
500101203,YouBike2.0_臺北遠企購物中心,大安區,2025-10-25 15:50:04,敦化南路二段201號前,Daan Dist.,YouBike2.0_The Mall,No. 201， Sec. 2， Dunhua S. Rd.,1,2025-10-25 18:31:29,2025-10-25 18:31:52,2025-10-25 15:50:04,2025-10-25,33,26,25.02709,121.54902,7,2025-10-25 10:32:51.141129,10,5,1,2025-10-25,0.7878787878787878
500101204,YouBike2.0_外交部外交及國際事務學院,大安區,2025-10-25 18:30:03,敦化南路一段280號,Daan Dist.,YouBike2.0_Institute of Diplomacy and International Affairs,No. 280， Sec. 1， Dunhua S. Rd.,1,2025-10-25 18:31:29,2025-10-25 18:31:52,2025-10-25 18:30:03,2025-10-25,26,5,25.0371,121.54839,21,2025-10-25 10:32:51.141129,10,5,1,2025-10-25,0.19230769230769232
500101205,YouBike2.0_四維路170巷口,大安區,2025-10-25 15:48:01,敦化南路二段92號對側中央分隔島,Daan Dist.,YouBike2.0_Ln. 170， Siwei Rd.,No. 92， Sec. 2， Dunhua S. Rd. (Opposite),1,2025-10-25 18:31:29,2025-10-25 18:31:52,2025-10-25 15:48:01,2025-10-25,22,18,25.02821,121.54864,2,2025-10-25 10:32:51.141129,10,5,1,2025-10-25,0.8181818181818182
500101206,YouBike2.0_捷運大安站(3號出口),大安區,2025-10-25 17:50:02,信義路三段184號前,Daan Dist.,YouBike2.0_MRT Da’an Sta. (Exit 3),No. 184， Sec. 3， Xinyi Rd.,1,2025-10-25 18:31:29,2025-10-25 18:31:52,2025-10-25 17:50:02,2025-10-25,46,4,25.03328,121.5425,42,2025-10-25 10:32:51.141129,10,5,1,2025-10-25,0.08695652173913043
500101207,YouBike2.0_捷運臺電大樓站(2號出口)_1,大安區,2025-10-25 18:30:03,羅斯福路三段201號旁,Daan Dist.,YouBike2.0_MRT Taipower Building Sta. (Exit 2)_1,No. 201， Sec. 3， Roosevelt Rd.,1,2025-10-25 18:31:29,2025-10-25 18:31:52,2025-10-25 18:30:03,2025-10-25,38,13,25.02055,121.52855,24,2025-10-25 10:32:51.141129,10,5,1,2025-10-25,0.34210526315789475
500101208,YouBike2.0_信義路四段199巷,大安區,2025-10-25 17:10:03,信義路四段199巷/安和路一段90巷口,Daan Dist.,YouBike2.0_Ln. 199， Sec. 4， Xinyi Rd.,Ln. 199， Sec. 4， Xinyi Rd. & Ln. 90， Sec. 1， Anhe Rd. Intersection,1,2025-10-25 18:31:29,2025-10-25 18:31:52,2025-10-25 17:10:03,2025-10-25,15,8,25.03459,121.55164,7,2025-10-25 10:32:51.141129,10,5,1,2025-10-25,0.5333333333333333
500101209,YouBike2.0_臺大資訊大樓,大安區,2025-10-25 16:20:04,辛亥路二段(臺大外語學院外),Daan Dist.,YouBike2.0_NTU Information Building,Sec. 2， Xinhai Rd.(NTU Language Center),1,2025-10-25 18:31:29,2025-10-25 18:31:52,2025-10-25 16:20:04,2025-10-25,40,19,25.02101,121.54153,21,2025-10-25 10:32:51.141129,10,5,1,2025-10-25,0.475
500101210,YouBike2.0_敦化南路二段81巷,大安區,2025-10-25 18:30:03,敦化南路二段與敦化南路二段81巷口西北側,Daan Dist.,YouBike2.0_Ln. 81， Sec. 2， Dunhua S. Rd.,Sec. 2， Dunhua S. Rd. & Ln. 81， Sec. 2， Dunhua S. Rd. Intersection (Northwest),1,2025-10-25 18:31:29,2025-10-25 18:31:52,2025-10-25 18:30:03,2025-10-25,40,32,25.03002,121.54893,8,2025-10-25 10:32:51.141129,10,5,1,2025-10-25,0.8
500101211,YouBike2.0_原臺北刑務所官舍,大安區,2025-10-25 16:50:04,金華街78號對側,Daan Dist.,YouBike2.0_Former Taipei Prison Office,No. 78， Jinhua St. (Opposite),1,2025-10-25 18:31:29,2025-10-25 18:31:52,2025-10-25 16:50:04,2025-10-25,23,6,25.03054,121.52466,17,2025-10-25 10:32:51.141129,10,5,1,2025-10-25,0.2608695652173913
500101212,YouBike2.0_捷運國父紀念館站(1號出口),大安區,2025-10-25 18:24:16,光復南路200巷26號東側,Daan Dist.,YouBike2.0_MRT S.Y.S Memorial Hall Sta. (Exit 1),No. 26， Ln. 200， Guangfu S. Rd. (East),1,2025-10-25 18:31:29,2025-10-25 18:31:52,2025-10-25 18:24:16,2025-10-25,24,24,25.04205,121.55657,0,2025-10-25 10:32:51.141129,10,5,1,2025-10-25,1.0
500101213,YouBike2.0_懷生國中,大安區,2025-10-25 13:26:02,忠孝東路三段248巷30號,Daan Dist.,YouBike2.0_Huai Sheng Junior High School,No. 30， Ln. 248， Sec. 3， Zhongxiao E. Rd.,1,2025-10-25 18:31:29,2025-10-25 18:31:52,2025-10-25 13:26:02,2025-10-25,24,14,25.0401,121.54122,9,2025-10-25 10:32:51.141129,10,5,1,2025-10-25,0.5833333333333334
500101214,YouBike2.0_仁愛敦南圓環(西北側),大安區,2025-10-25 17:41:15,仁愛路四段85號前,Daan Dist.,YouBike2.0_Renai Dunnan Traffic Cir (Northwest),No. 85， Sec. 4， Ren'ai Rd,1,2025-10-25 18:31:29,2025-10-25 18:31:52,2025-10-25 17:41:15,2025-10-25,20,2,25.03827,121.54802,18,2025-10-25 10:32:51.141129,10,5,1,2025-10-25,0.1
500101215,YouBike2.0_立人國小,大安區,2025-10-25 18:24:16,安和路二段/敦化南路二段81巷(西南側),Daan Dist.,YouBike2.0_Lih Jen International Private Elementary and Middle School,Sec. 2， Anhe Rd. & Ln. 81， Sec. 2， Dunhua S. Rd. Intersection (Southwest),1,2025-10-25 18:31:29,2025-10-25 18:31:52,2025-10-25 18:24:16,2025-10-25,17,17,25.02974,121.55146,0,2025-10-25 10:32:51.141129,10,5,1,2025-10-25,1.0
500101216,YouBike2.0_和平東路二段18巷口,大安區,2025-10-25 16:50:04,辛亥路二段43號前,Daan Dist.,YouBike2.0_Ln. 18， Sec. 2， Heping E. Rd.,No. 43， Sec. 2， Xinhai Rd.,1,2025-10-25 18:31:29,2025-10-25 18:31:52,2025-10-25 16:50:04,2025-10-25,24,15,25.02268,121.53608,9,2025-10-25 10:32:51.141129,10,5,1,2025-10-25,0.625
500101217,YouBike2.0_捷運大安站(5號出口),大安區,2025-10-25 18:30:17,復興南路二段/信義路四段(東南側),Daan Dist.,YouBike2.0_MRT Da’an Sta. (Exit 5),Sec. 2， Fuxing S. Rd. & Sec. 4， Xinyi Rd. Intersection (Southeast),1,2025-10-25 18:31:29,2025-10-25 18:31:52,2025-10-25 18:30:17,2025-10-25,26,0,25.03303,121.54372,26,2025-10-25 10:32:51.141129,10,5,1,2025-10-25,0.0
500101218,YouBike2.0_臨江公園,大安區,2025-10-25 17:40:03,通化街143巷33號對側,Daan Dist.,YouBike2.0_Linjiang Park,No. 33， Ln. 143， Tonghua St. (Opposite),1,2025-10-25 18:31:29,2025-10-25 18:31:52,2025-10-25 17:40:03,2025-10-25,23,13,25.02832,121.55592,10,2025-10-25 10:32:51.141129,10,5,1,2025-10-25,0.5652173913043478
500101219,YouBike2.0_羅斯福路四段113巷19弄口,大安區,2025-10-25 15:37:02,羅斯福路四段119巷84號對側,Daan Dist.,YouBike2.0_Aly. 19， Ln. 113， Sec. 4， Roosevelt Rd.,No. 84， Ln. 119， Sec. 4， Roosevelt Rd. (Opposite),1,2025-10-25 18:31:29,2025-10-25 18:31:52,2025-10-25 15:37:02,2025-10-25,14,5,25.01027,121.53998,9,2025-10-25 10:32:51.141129,10,5,1,2025-10-25,0.35714285714285715
500101221,YouBike2.0_忠孝東路四段248巷口,大安區,2025-10-25 17:50:02,忠孝東路四段230號前,Daan Dist.,YouBike2.0_Ln. 248， Sec. 4， Zhongxiao E. Rd.,No. 230， Sec. 4， Zhongxiao E. Rd.,1,2025-10-25 18:31:29,2025-10-25 18:31:52,2025-10-25 17:50:02,2025-10-25,25,23,25.04132,121.55393,1,2025-10-25 10:32:51.141129,10,5,1,2025-10-25,0.92
500101222,YouBike2.0_仁愛延吉路口(西北側),大安區,2025-10-25 17:50:02,仁愛路四段363號前,Daan Dist.,YouBike2.0_Ren'ai Rd. & Yanji St. Intersection (Northwest),No. 363， Sec. 4， Ren'ai Rd.,1,2025-10-25 18:31:29,2025-10-25 18:31:52,2025-10-25 17:50:02,2025-10-25,24,22,25.03795,121.55466,2,2025-10-25 10:32:51.141129,10,5,1,2025-10-25,0.9166666666666666
500101223,YouBike2.0_樂利路101巷口,大安區,2025-10-25 17:00:04,樂利路97號前,Daan Dist.,YouBike2.0_Ln. 101， Leli Rd.,No. 97， Leli Rd.,1,2025-10-25 18:31:29,2025-10-25 18:31:52,2025-10-25 17:00:04,2025-10-25,13,2,25.02528,121.55224,11,2025-10-25 10:32:51.141129,10,5,1,2025-10-25,0.15384615384615385
500101224,YouBike2.0_羅斯福浦城街口,大安區,2025-10-25 17:40:03,羅斯福路三段117號前,Daan Dist.,YouBike2.0_Roosevelt Rd. & Pucheng St. Intersection,No. 117， Sec. 3， Roosevelt Rd.,1,2025-10-25 18:31:29,2025-10-25 18:31:52,2025-10-25 17:40:03,2025-10-25,25,4,25.02208,121.52678,20,2025-10-25 10:32:51.141129,10,5,1,2025-10-25,0.16
500101225,YouBike2.0_敦化南路一段295巷口,大安區,2025-10-25 17:50:02,敦化南路一段295巷1號,Daan Dist.,YouBike2.0_Ln. 295， Sec. 1， Dunhua S. Rd.,No. 1， Ln. 295， Sec. 1， Dunhua S. Rd.,1,2025-10-25 18:31:29,2025-10-25 18:31:52,2025-10-25 17:50:02,2025-10-25,18,13,25.03551,121.54951,5,2025-10-25 10:32:51.141129,10,5,1,2025-10-25,0.7222222222222222
500101226,YouBike2.0_通安區民活動中心,大安區,2025-10-25 17:50:02,通安街129號對面,Daan Dist.,YouBike2.0_Ln. 108， Tong'an St.,No. 129， Tong'an St. (Opposite),1,2025-10-25 18:31:29,2025-10-25 18:31:52,2025-10-25 17:50:02,2025-10-25,28,5,25.02942,121.55294,20,2025-10-25 10:32:51.141129,10,5,1,2025-10-25,0.17857142857142858
500101227,YouBike2.0_復興忠孝東路口(東南側),大安區,2025-10-25 18:16:16,復興南路一段191號前,Daan Dist.,YouBike2.0_Zhongxiao E. Rd. & Fuxing S. Rd. Intersection (Southeast),No. 191， Sec. 1， Fuxing S. Rd.,1,2025-10-25 18:31:29,2025-10-25 18:31:52,2025-10-25 18:16:16,2025-10-25,28,28,25.04061,121.54389,0,2025-10-25 10:32:51.141129,10,5,1,2025-10-25,1.0
500101228,YouBike2.0_仁愛大安路口(東北側),大安區,2025-10-25 17:50:02,仁愛路四段37號前,Daan Dist.,YouBike2.0_Ren'ai Rd. & Da'an Rd. Intersection (Northeast),No. 37， Sec. 4， Ren'ai Rd.,1,2025-10-25 18:31:29,2025-10-25 18:31:52,2025-10-25 17:50:02,2025-10-25,21,5,25.03813,121.54631,15,2025-10-25 10:32:51.141129,10,5,1,2025-10-25,0.23809523809523808
500101229,YouBike2.0_臺灣師範大學(浦城街),大安區,2025-10-25 18:15:30,浦城街1號對側,Daan Dist.,YouBike2.0_National Taiwan Normal University (Pucheng St.),No. 1， Pucheng St. (Opposite),1,2025-10-25 18:31:29,2025-10-25 18:31:52,2025-10-25 18:15:30,2025-10-25,20,18,25.02476,121.52803,1,2025-10-25 10:32:51.141129,10,5,1,2025-10-25,0.9
500101231,YouBike2.0_大安國小,大安區,2025-10-25 18:24:16,臥龍街131巷11弄與樂業街108巷口,Daan Dist.,YouBike2.0_DaAn Elementary School,Aly. 11， Ln. 131， Wolong St. & Ln. 108， Leye St. Intersection,1,2025-10-25 18:31:29,2025-10-25 18:31:52,2025-10-25 18:24:16,2025-10-25,25,24,25.02014,121.55084,1,2025-10-25 10:32:51.141129,10,5,1,2025-10-25,0.96
500101232,YouBike2.0_捷運古亭站(3號出口),大安區,2025-10-25 18:30:03,羅斯福路二段81-1號前,Daan Dist.,YouBike2.0_MRT Guting Sta. (Exit 3),No. 81-1， Sec. 2， Roosevelt Rd.,1,2025-10-25 18:31:29,2025-10-25 18:31:52,2025-10-25 18:30:03,2025-10-25,15,8,25.02572,121.52359,7,2025-10-25 10:32:51.141129,10,5,1,2025-10-25,0.5333333333333333
500101233,YouBike2.0_捷運忠孝復興站(3號出口),大安區,2025-10-25 18:30:03,忠孝東路四段48號前,Daan Dist.,YouBike2.0_MRT Zhongxiao Fuxing Sta. (Exit 3),No. 48， Sec. 4， ZhongXiao E. Rd.,1,2025-10-25 18:31:29,2025-10-25 18:31:52,2025-10-25 18:30:03,2025-10-25,37,27,25.04152,121.54414,9,2025-10-25 10:32:51.141129,10,5,1,2025-10-25,0.7297297297297297
500101234,YouBike2.0_和平東路二段90巷,大安區,2025-10-25 18:30:03,和平東路二段90巷/和平東路二段76巷5弄,Daan Dist.,YouBike2.0_Ln. 90， Sec. 2， HePing E. Rd.,Ln. 90， Sec. 2， HePing E. Rd. & Aly. 5， Ln. 76， Sec. 2， HePing E. Rd. Intersection,1,2025-10-25 18:31:29,2025-10-25 18:31:52,2025-10-25 18:30:03,2025-10-25,20,6,25.02468,121.53965,14,2025-10-25 10:32:51.141129,10,5,1,2025-10-25,0.3
500101235,YouBike2.0_光復南路420巷口,大安區,2025-10-25 17:10:03,光復南路438號,Daan Dist.,YouBike2.0_Ln. 420， GuangFu S. Rd.,No. 438， GuangFu S. Rd.,1,2025-10-25 18:31:29,2025-10-25 18:31:52,2025-10-25 17:10:03,2025-10-25,16,3,25.03601,121.55742,13,2025-10-25 10:32:51.141129,10,5,1,2025-10-25,0.1875
500101236,YouBike2.0_富陽臥龍街口,大安區,2025-10-25 18:30:03,富陽街129號前,Daan Dist.,YouBike2.0_FuYang St. & WoLong St. Intersection,No. 129， FuYang St.,1,2025-10-25 18:31:29,2025-10-25 18:31:52,2025-10-25 18:30:03,2025-10-25,18,3,25.0187,121.55688,15,2025-10-25 10:32:51.141129,10,5,1,2025-10-25,0.16666666666666666
500101237,YouBike2.0_仁愛復興路口,大安區,2025-10-25 17:10:03,仁愛路四段1號前,Daan Dist.,YouBike2.0_RenAi Rd. & FuXing Rd. Intersection,No. 1， Sec. 4， RenAi Rd.,1,2025-10-25 18:31:29,2025-10-25 18:31:52,2025-10-25 17:10:03,2025-10-25,25,11,25.03817,121.544,14,2025-10-25 10:32:51.141129,10,5,1,2025-10-25,0.44
500101238,YouBike2.0_仁愛敦南圓環(東側),大安區,2025-10-25 17:40:03,仁愛路四段121號,Daan Dist.,YouBike2.0_RenAi DunNan Traffic Circle  (East),No. 121， Sec. 4， RenAi Rd.,1,2025-10-25 18:31:29,2025-10-25 18:31:52,2025-10-25 17:40:03,2025-10-25,26,15,25.03804,121.55042,11,2025-10-25 10:32:51.141129,10,5,1,2025-10-25,0.5769230769230769
500101239,YouBike2.0_古風公園,大安區,2025-10-25 18:20:19,龍泉街93巷7號對側,Daan Dist.,YouBike2.0_GuFeng Park,No. 7， Ln. 93， LongQuan St. (Opposite),1,2025-10-25 18:31:29,2025-10-25 18:31:52,2025-10-25 18:20:19,2025-10-25,15,15,25.02187,121.52912,0,2025-10-25 10:32:51.141129,10,5,1,2025-10-25,1.0
500101240,YouBike2.0_和平東路二段76巷,大安區,2025-10-25 17:20:02,和平東路二段96巷20弄2號旁,Daan Dist.,YouBike2.0_Ln. 76， Sec. 2， HePing E. Rd.,No. 2， Aly. 20， Ln. 96， Sec. 2， HePing E. Rd.,1,2025-10-25 18:31:29,2025-10-25 18:31:52,2025-10-25 17:20:02,2025-10-25,40,5,25.02263,121.53906,35,2025-10-25 10:32:51.141129,10,5,1,2025-10-25,0.125
500101241,YouBike2.0_敦化信義路口(東南側),大安區,2025-10-25 17:40:03,敦化南路二段9號,Daan Dist.,YouBike2.0_DunHua S. Rd. & XinYi Rd. Intersection (Southeast),No. 9， Sec. 2， DunHua S. Rd.,1,2025-10-25 18:31:29,2025-10-25 18:31:52,2025-10-25 17:40:03,2025-10-25,20,17,25.03276,121.54907,3,2025-10-25 10:32:51.141129,10,5,1,2025-10-25,0.85
500101242,YouBike2.0_和平東路三段308巷口,大安區,2025-10-25 16:47:02,樂業街173號對側,Daan Dist.,YouBike2.0_Ln. 308， Sec. 3， HePing E. Rd.,No. 173， LeYe St. (Opposite),1,2025-10-25 18:31:29,2025-10-25 18:31:52,2025-10-25 16:47:02,2025-10-25,14,7,25.01883,121.5544,7,2025-10-25 10:32:51.141129,10,5,1,2025-10-25,0.5
500101243,YouBike2.0_忠孝建國路口(東南側),大安區,2025-10-25 18:30:03,忠孝東路三段132號前,Daan Dist.,YouBike2.0_ZhongXiao E. Rd. & JianGuo S. Rd. Intersection (Southeast),No. 132， Sec. 3， ZhongXiao E. Rd.,1,2025-10-25 18:31:29,2025-10-25 18:31:52,2025-10-25 18:30:03,2025-10-25,21,5,25.04159,121.5378,16,2025-10-25 10:32:51.141129,10,5,1,2025-10-25,0.23809523809523808
500101244,YouBike2.0_浦城街26巷,大安區,2025-10-25 18:30:03,浦城街26巷8號對面,Daan Dist.,YouBike2.0_Ln. 26， PuCheng St.,No. 8， Ln. 26， PuCheng St. (Opposite),1,2025-10-25 18:31:29,2025-10-25 18:31:52,2025-10-25 18:30:03,2025-10-25,17,2,25.02324,121.52618,13,2025-10-25 10:32:51.141129,10,5,1,2025-10-25,0.11764705882352941
500101245,YouBike2.0_青峰活動中心,大安區,2025-10-25 16:50:04,辛亥路三段(青峰活動中心),Daan Dist.,YouBike2.0_Qingfeng Activity Center,Sec. 3， XinHai Rd. (Qingfeng Activity Center),1,2025-10-25 18:31:29,2025-10-25 18:31:52,2025-10-25 16:50:04,2025-10-25,25,7,25.01524,121.55121,18,2025-10-25 10:32:51.141129,10,5,1,2025-10-25,0.28
500101246,YouBike2.0_忠孝東路三段216巷口,大安區,2025-10-25 18:30:03,忠孝東路三段218號前,Daan Dist.,YouBike2.0_Ln. 216， Sec. 3， ZhongXiao E. Rd.,No. 218， Sec. 3， ZhongXiao E. Rd.,1,2025-10-25 18:31:29,2025-10-25 18:31:52,2025-10-25 18:30:03,2025-10-25,28,14,25.04157,121.5402,14,2025-10-25 10:32:51.141129,10,5,1,2025-10-25,0.5
500101247,YouBike2.0_捷運忠孝復興站(4號出口),大安區,2025-10-25 17:40:03,忠孝東路四段7號前,Daan Dist.,YouBike2.0_MRT Zhongxiao Fuxing Sta. (Exit 4),No. 7， Sec. 4， ZhongXiao E. Rd.,1,2025-10-25 18:31:29,2025-10-25 18:31:52,2025-10-25 17:40:03,2025-10-25,25,13,25.04173,121.54412,12,2025-10-25 10:32:51.141129,10,5,1,2025-10-25,0.52
500101248,YouBike2.0_和平溫州街口,大安區,2025-10-25 17:50:02,和平東路一段187號(前),Daan Dist.,YouBike2.0_HePing E. Rd. & WenZhou St. Intersection,No. 187， Sec. 1， HePing E. Rd.,1,2025-10-25 18:31:29,2025-10-25 18:31:52,2025-10-25 17:50:02,2025-10-25,23,2,25.02634,121.53342,21,2025-10-25 10:32:51.141129,10,5,1,2025-10-25,0.08695652173913043
500101250,YouBike2.0_國立臺北教育大學創意館,大安區,2025-10-25 17:30:03,復興南路二段337巷6弄14號對側,Daan Dist.,YouBike2.0_NTUE Creative Building,No. 14， Aly. 6， Ln. 337， Sec. 2， FuXing S. Rd.,1,2025-10-25 18:31:29,2025-10-25 18:31:52,2025-10-25 17:30:03,2025-10-25,32,5,25.02305,121.54394,27,2025-10-25 10:32:51.141129,10,5,1,2025-10-25,0.15625
500101251,YouBike2.0_捷運忠孝復興站(1號出口),大安區,2025-10-25 18:20:04,忠孝東路三段303號,Daan Dist.,YouBike2.0_MRT Zhongxiao Fuxing Sta. (Exit 1),No. 303， Sec. 3， ZhongXiao E. Rd.,1,2025-10-25 18:31:29,2025-10-25 18:31:52,2025-10-25 18:20:04,2025-10-25,27,23,25.04199,121.54362,4,2025-10-25 10:32:51.141129,10,5,1,2025-10-25,0.8518518518518519
500101252,YouBike2.0_政大公企中心,大安區,2025-10-25 17:40:03,金華街187號(後方人行道),Daan Dist.,YouBike2.0_NCCU CPBAE,No. 187， JinHua St.,1,2025-10-25 18:31:29,2025-10-25 18:31:52,2025-10-25 17:40:03,2025-10-25,13,2,25.03076,121.52781,11,2025-10-25 10:32:51.141129,10,5,1,2025-10-25,0.15384615384615385
500101253,YouBike2.0_大安路二段90巷口,大安區,2025-10-25 18:30:03,大安路二段55號(對面),Daan Dist.,YouBike2.0_Ln. 90， Sec. 2， DaAn Rd.,No. 55， Sec. 2， DaAn Rd.,1,2025-10-25 18:31:29,2025-10-25 18:31:52,2025-10-25 18:30:03,2025-10-25,19,9,25.03117,121.54602,10,2025-10-25 10:32:51.141129,10,5,1,2025-10-25,0.47368421052631576
500101254,YouBike2.0_師大附中運動中心,大安區,2025-10-25 17:30:03,信義路三段111巷143號(旁),Daan Dist.,YouBike2.0_HSNU Sports Center,No. 143， Ln. 111， Sec. 3， XinYi Rd.,1,2025-10-25 18:31:29,2025-10-25 18:31:52,2025-10-25 17:30:03,2025-10-25,33,10,25.03626,121.53997,22,2025-10-25 10:32:51.141129,10,5,1,2025-10-25,0.30303030303030304
500101255,YouBike2.0_錦安區民活動中心,大安區,2025-10-25 17:50:02,潮州街160號對側,Daan Dist.,YouBike2.0_Jinan Recreation Center,No. 160， ChaoZhou St.,1,2025-10-25 18:31:29,2025-10-25 18:31:52,2025-10-25 17:50:02,2025-10-25,20,6,25.02846,121.52935,14,2025-10-25 10:32:51.141129,10,5,1,2025-10-25,0.3
500101256,YouBike2.0_敦化基隆路口(東北側),大安區,2025-10-25 16:30:04,敦化南路二段333號(前),Daan Dist.,YouBike2.0_KeeLung Rd. & DunHua S. Rd. Intersection (Northeast),No. 333， Sec. 2， DunHua S. Rd.,1,2025-10-25 18:31:29,2025-10-25 18:31:52,2025-10-25 16:30:04,2025-10-25,22,7,25.02196,121.54899,15,2025-10-25 10:32:51.141129,10,5,1,2025-10-25,0.3181818181818182
500101257,YouBike2.0_龍圖公園,大安區,2025-10-25 17:40:03,復興南路二段78巷42弄5號對面,Daan Dist.,YouBike2.0_Longtu Park,No. 5， Aly. 42， Ln. 78， Sec. 2， FuXing S. Rd. (Opposite),1,2025-10-25 18:31:29,2025-10-25 18:31:52,2025-10-25 17:40:03,2025-10-25,20,3,25.0305,121.54184,17,2025-10-25 10:32:51.141129,10,5,1,2025-10-25,0.15
500101258,YouBike2.0_新生南路二段54巷口,大安區,2025-10-25 17:53:16,新生南路二段50號,Daan Dist.,YouBike2.0_Ln. 54， Sec. 2， XinSheng S. Rd.,No. 50， Sec. 2， XinSheng S. Rd.,1,2025-10-25 18:31:29,2025-10-25 18:31:52,2025-10-25 17:53:16,2025-10-25,26,24,25.02878,121.53412,1,2025-10-25 10:32:51.141129,10,5,1,2025-10-25,0.9230769230769231
500101259,YouBike2.0_臺靜農人文會館,大安區,2025-10-25 17:40:03,溫州街25號,Daan Dist.,YouBike2.0_Tai JingNong Humanities Hall,No. 25， WenZhou St.,1,2025-10-25 18:31:29,2025-10-25 18:31:52,2025-10-25 17:40:03,2025-10-25,12,1,25.02462,121.53347,11,2025-10-25 10:32:51.141129,10,5,1,2025-10-25,0.08333333333333333
500101260,YouBike2.0_建國南路二段瑞安街264巷口,大安區,2025-10-25 14:35:03,建國南路二段197號(對面),Daan Dist.,YouBike2.0_Sec. 2， JianGuo S. Rd. & Ln. 264， RuiAn St. Intersection,No. 197， Sec. 2， JianGuo S. Rd. (Opposite),1,2025-10-25 18:31:29,2025-10-25 18:31:52,2025-10-25 14:35:03,2025-10-25,33,13,25.02716,121.53782,20,2025-10-25 10:32:51.141129,10,5,1,2025-10-25,0.3939393939393939
500101261,YouBike2.0_辛亥路一段77巷口,大安區,2025-10-25 17:20:02,辛亥路一段79號旁,Daan Dist.,YouBike2.0_Aly. 77， Sec. 1， XinHai Rd,No. 79， Sec. 1， XinHai Rd,1,2025-10-25 18:31:29,2025-10-25 18:31:52,2025-10-25 17:20:02,2025-10-25,22,5,25.02128,121.53034,17,2025-10-25 10:32:51.141129,10,5,1,2025-10-25,0.22727272727272727
500101262,YouBike2.0_愛國東路210巷口,大安區,2025-10-25 17:00:04,愛國東路210巷/愛國東路(東南側),Daan Dist.,YouBike2.0_Ln. 210， AiGuo E. Rd.,Ln. 210， AiGuo E. Rd. &  AiGuo E. Rd. Intersection (Southeast),1,2025-10-25 18:31:29,2025-10-25 18:31:52,2025-10-25 17:00:04,2025-10-25,34,3,25.03187,121.52407,30,2025-10-25 10:32:51.141129,10,5,1,2025-10-25,0.08823529411764706
500101264,YouBike2.0_金華國中,大安區,2025-10-25 17:27:15,新生南路二段32號(旁),Daan Dist.,YouBike2.0_Jinhua Junior High School,No. 32， Sec. 2， XinSheng S. Rd.,1,2025-10-25 18:31:29,2025-10-25 18:31:52,2025-10-25 17:27:15,2025-10-25,21,4,25.03165,121.53306,17,2025-10-25 10:32:51.141129,10,5,1,2025-10-25,0.19047619047619047
500101265,YouBike2.0_羅斯福路三段283巷,大安區,2025-10-25 15:40:02,羅斯福路三段269巷51弄9號(旁),Daan Dist.,YouBike2.0_Ln. 283， Sec. 3， Roosevelt Rd.,No. 9， Aly. 51， Ln. 269， Sec. 3， Roosevelt Rd.,1,2025-10-25 18:31:29,2025-10-25 18:31:52,2025-10-25 15:40:02,2025-10-25,18,6,25.02017,121.53178,12,2025-10-25 10:32:51.141129,10,5,1,2025-10-25,0.3333333333333333
500101266,YouBike2.0_臺科大側門(基隆路四段73巷),大安區,2025-10-25 18:27:17,基隆路四段75號,Daan Dist.,YouBike2.0_NTUST (Ln. 73， Sec. 4， KeeLung Rd.),No. 75， Sec. 4， KeeLung Rd.,1,2025-10-25 18:31:29,2025-10-25 18:31:52,2025-10-25 18:27:17,2025-10-25,35,0,25.01291,121.53967,35,2025-10-25 10:32:51.141129,10,5,1,2025-10-25,0.0
500101267,YouBike2.0_黎和公園,大安區,2025-10-25 17:40:03,臥龍街316號(對面),Daan Dist.,YouBike2.0_Lihe Green,No. 316， WoLong St. (Opposite),1,2025-10-25 18:31:29,2025-10-25 18:31:52,2025-10-25 17:40:03,2025-10-25,15,8,25.01663,121.56011,7,2025-10-25 10:32:51.141129,10,5,1,2025-10-25,0.5333333333333333
500101268,YouBike2.0_信義四維路口,大安區,2025-10-25 17:50:02,信義路四段111號(前),Daan Dist.,YouBike2.0_XinYi Rd. & SiWei Rd. Intersection,No. 111， Sec. 4， XinYi Rd.,1,2025-10-25 18:31:29,2025-10-25 18:31:52,2025-10-25 17:50:02,2025-10-25,19,12,25.03341,121.54796,7,2025-10-25 10:32:51.141129,10,5,1,2025-10-25,0.631578947368421
500103001,YouBike2.0_延平國宅,大同區,2025-10-25 16:20:04,延平北路五段1-1號(對面),Datong Dist,YouBike2.0_Yanping Public Housing,No. 1-1， Sec. 5， Yanping N. Rd. (Opposite),1,2025-10-25 18:31:29,2025-10-25 18:31:52,2025-10-25 16:20:04,2025-10-25,41,8,25.07894,121.51121,26,2025-10-25 10:32:51.141129,10,5,1,2025-10-25,0.1951219512195122
500103002,YouBike2.0_臺北市立圖書館大同分館,大同區,2025-10-25 17:20:02,重慶北路三段318號旁,Datong Dist,YouBike2.0_Taipei Public Library DaTong Branch,No. 318， Sec. 3， Chongqing N Rd.,1,2025-10-25 18:31:29,2025-10-25 18:31:52,2025-10-25 17:20:02,2025-10-25,40,7,25.0741,121.51349,32,2025-10-25 10:32:51.141129,10,5,1,2025-10-25,0.175
500103003,YouBike2.0_合昌宮,大同區,2025-10-25 16:00:02,環河北路二段371號旁,Datong Dist,YouBike2.0_Hechang Temple,No. 371， Sec. 2， Huanhe N. Rd.,1,2025-10-25 18:31:29,2025-10-25 18:31:52,2025-10-25 16:00:02,2025-10-25,15,4,25.07717,121.50934,11,2025-10-25 10:32:51.141129,10,5,1,2025-10-25,0.26666666666666666
500103004,YouBike2.0_民族延平路口,大同區,2025-10-25 18:30:03,延平北路三段123號北側,Datong Dist,YouBike2.0_Minzu Rd. & Yanping Rd. Intersection,No. 123， Sec. 3， Yanping N. Rd. (North),1,2025-10-25 18:31:29,2025-10-25 18:31:52,2025-10-25 18:30:03,2025-10-25,36,6,25.06864,121.5107,26,2025-10-25 10:32:51.141129,10,5,1,2025-10-25,0.16666666666666666
500103005,YouBike2.0_重慶酒泉街口,大同區,2025-10-25 16:30:04,重慶北路三段260號前,Datong Dist,YouBike2.0_Chongqing Rd. & Jiuquan St. Intersection,No. 260， Sec. 3， Chongqing N. Rd.,1,2025-10-25 18:31:29,2025-10-25 18:31:52,2025-10-25 16:30:04,2025-10-25,44,10,25.07158,121.51368,34,2025-10-25 10:32:51.141129,10,5,1,2025-10-25,0.22727272727272727
500103006,YouBike2.0_樹德公園,大同區,2025-10-25 18:30:03,大龍街85巷12號對側,Datong Dist,YouBike2.0_Shude Park,No. 12， Ln. 85， Dalong St. (Opposite),1,2025-10-25 18:31:29,2025-10-25 18:31:52,2025-10-25 18:30:03,2025-10-25,14,5,25.06647,121.5165,9,2025-10-25 10:32:51.141129,10,5,1,2025-10-25,0.35714285714285715
500103007,YouBike2.0_陳天來故居,大同區,2025-10-25 17:40:03,西寧北路112號前方,Datong Dist,YouBike2.0_Chen Tian-lai Residence,No. 112， Xining N. Rd.,1,2025-10-25 18:31:29,2025-10-25 18:31:52,2025-10-25 17:40:03,2025-10-25,16,14,25.05601,121.50895,2,2025-10-25 10:32:51.141129,10,5,1,2025-10-25,0.875
500103008,YouBike2.0_臺北孔廟,大同區,2025-10-25 17:10:03,哈密街61號口對側人行道,Datong Dist,YouBike2.0_Taipei Confucius Temple,No. 61， Hami St. Intersection (Opposite),1,2025-10-25 18:31:29,2025-10-25 18:31:52,2025-10-25 17:10:03,2025-10-25,37,7,25.07378,121.51583,30,2025-10-25 10:32:51.141129,10,5,1,2025-10-25,0.1891891891891892
500103009,YouBike2.0_捷運圓山站(1號出口),大同區,2025-10-25 17:30:03,捷運圓山站(1號出口)東側,Datong Dist,YouBike2.0_MRT Yuanshan Sta. (Exit 1),MRT Yuanshan Sta. (Exit 1) (East),1,2025-10-25 18:31:29,2025-10-25 18:31:52,2025-10-25 17:30:03,2025-10-25,81,15,25.07133,121.52024,65,2025-10-25 10:32:51.141129,10,5,1,2025-10-25,0.18518518518518517
500103010,YouBike2.0_酒泉延平路口,大同區,2025-10-25 17:20:02,酒泉街235號前,Datong Dist,YouBike2.0_Jiuquan St. & Yanping Rd. Intersection,No. 235， Jiuquan St.,1,2025-10-25 18:31:29,2025-10-25 18:31:52,2025-10-25 17:20:02,2025-10-25,41,17,25.0722,121.51057,24,2025-10-25 10:32:51.141129,10,5,1,2025-10-25,0.4146341463414634
500103011,YouBike2.0_重慶國中,大同區,2025-10-25 11:39:02,敦煌路19號前,Datong Dist,YouBike2.0_Chongqing Junior High School,No. 19， Dunhuang Rd.,1,2025-10-25 18:31:29,2025-10-25 18:31:52,2025-10-25 11:39:02,2025-10-25,64,7,25.07567,121.51862,57,2025-10-25 10:32:51.141129,10,5,1,2025-10-25,0.109375
500103012,YouBike2.0_重慶北路三段383巷口,大同區,2025-10-25 17:10:03,敦煌路與重慶北路三段383巷口,Datong Dist,YouBike2.0_Ln. 383， Sec. 3， Chongqing N Rd. Intersection,Dunhuang Rd. & Ln. 383， Sec. 3， Chongqing N Rd. Intersection,1,2025-10-25 18:31:29,2025-10-25 18:31:52,2025-10-25 17:10:03,2025-10-25,34,13,25.07598,121.51409,21,2025-10-25 10:32:51.141129,10,5,1,2025-10-25,0.38235294117647056
500103013,YouBike2.0_台北數位產業園區,大同區,2025-10-25 16:30:04,承德路三段287號前方,Datong Dist,YouBike2.0_DigiBlock Taipei,No. 287， Sec. 3， Chengde Rd.,1,2025-10-25 18:31:29,2025-10-25 18:31:52,2025-10-25 16:30:04,2025-10-25,24,9,25.07447,121.52003,15,2025-10-25 10:32:51.141129,10,5,1,2025-10-25,0.375
500103019,YouBike2.0_民權延平路口(西北側),大同區,2025-10-25 18:30:03,民權西路239號前方,Datong Dist,YouBike2.0_Minquan Rd. & Yanping Rd. Intersection (Northwest),No. 239， Minquan W. Rd.,1,2025-10-25 18:31:29,2025-10-25 18:31:52,2025-10-25 18:30:03,2025-10-25,20,4,25.06326,121.51099,16,2025-10-25 10:32:51.141129,10,5,1,2025-10-25,0.2
500103020,YouBike2.0_民權迪化街口,大同區,2025-10-25 17:50:02,民權西路與迪化街一段口(橋墩下),Datong Dist,YouBike2.0_Minquan Rd. & Dihua St. Intersection,Minquan W. Rd. & Sec. 1， Dihua St. Intersection (Under Bridge),1,2025-10-25 18:31:29,2025-10-25 18:31:52,2025-10-25 17:50:02,2025-10-25,47,13,25.06327,121.50943,34,2025-10-25 10:32:51.141129,10,5,1,2025-10-25,0.2765957446808511
500103021,YouBike2.0_大稻埕公園,大同區,2025-10-25 17:20:02,安西街1巷7號(對側),Datong Dist,YouBike2.0_Dadaocheng Park,No. 7， Ln. 1， Anxi St. (Opposite),1,2025-10-25 18:31:29,2025-10-25 18:31:52,2025-10-25 17:20:02,2025-10-25,35,7,25.05915,121.51033,28,2025-10-25 10:32:51.141129,10,5,1,2025-10-25,0.2
500103022,YouBike2.0_大龍老人住宅,大同區,2025-10-25 17:57:17,民族西路82號前方,Datong Dist,YouBike2.0_Dalong Old People Housing,No. 82， Minzu W. Rd.,1,2025-10-25 18:31:29,2025-10-25 18:31:52,2025-10-25 17:57:17,2025-10-25,14,0,25.06853,121.51729,14,2025-10-25 10:32:51.141129,10,5,1,2025-10-25,0.0
500103023,YouBike2.0_大龍峒社會住宅,大同區,2025-10-25 18:30:03,承德路三段210號旁,Datong Dist,YouBike2.0_Dalongdong Social Housing,No. 210， Sec. 3， Chengde Rd.,1,2025-10-25 18:31:29,2025-10-25 18:31:52,2025-10-25 18:30:03,2025-10-25,34,1,25.0708,121.51826,33,2025-10-25 10:32:51.141129,10,5,1,2025-10-25,0.029411764705882353
500103024,YouBike2.0_捷運大橋頭站(2號出口),大同區,2025-10-25 18:30:03,捷運大橋頭站(2號出口)西側,Datong Dist,YouBike2.0_MRT Daqiaotou Sta. (Exit 2),MRT Daqiaotou Sta. (Exit 2) (West),1,2025-10-25 18:31:29,2025-10-25 18:31:52,2025-10-25 18:30:03,2025-10-25,57,10,25.06314,121.51308,46,2025-10-25 10:32:51.141129,10,5,1,2025-10-25,0.17543859649122806
500103025,YouBike2.0_捷運大橋頭站(1A出口),大同區,2025-10-25 17:30:03,民權西路237號旁,Datong Dist,YouBike2.0_MRT Daqiaotou Sta. (Exit 1A),No. 237， Minquan W Rd.,1,2025-10-25 18:31:29,2025-10-25 18:31:52,2025-10-25 17:30:03,2025-10-25,30,5,25.06325,121.51162,25,2025-10-25 10:32:51.141129,10,5,1,2025-10-25,0.16666666666666666
500103026,YouBike2.0_捷運民權西路站(2號出口),大同區,2025-10-25 18:30:03,捷運民權西路站(2號出口)西側,Datong Dist,YouBike2.0_MRT Minquan W. Rd. Sta. (Exit 2),MRT Minquan W. Rd. Sta. (West),1,2025-10-25 18:31:29,2025-10-25 18:31:52,2025-10-25 18:30:03,2025-10-25,25,4,25.06174,121.51969,21,2025-10-25 10:32:51.141129,10,5,1,2025-10-25,0.16
500103027,YouBike2.0_捷運雙連站(2號出口),大同區,2025-10-25 17:50:02,萬全街22號對面,Datong Dist,YouBike2.0_MRT Shuanglian Sta. (Exit 2),No. 22， Wanquan St. (Opposite),1,2025-10-25 18:31:29,2025-10-25 18:31:52,2025-10-25 17:50:02,2025-10-25,41,8,25.05826,121.52063,31,2025-10-25 10:32:51.141129,10,5,1,2025-10-25,0.1951219512195122
500103028,YouBike2.0_捷運北門站(3號出口),大同區,2025-10-25 18:30:03,塔城街與鄭州路口西南側,Datong Dist,YouBike2.0_MRT Beimen. (Exit 3),Tacheng St. & Zhengzhou Rd. Intersection (Southwest),1,2025-10-25 18:31:29,2025-10-25 18:31:52,2025-10-25 18:30:03,2025-10-25,86,16,25.04991,121.5104,70,2025-10-25 10:32:51.141129,10,5,1,2025-10-25,0.18604651162790697
500103029,YouBike2.0_朝陽公園,大同區,2025-10-25 18:07:18,重慶北路二段62-1號旁,Datong Dist,YouBike2.0_Zhaoyang Park,No. 62-1， Sec. 2， Chongqing N. Rd.,1,2025-10-25 18:31:29,2025-10-25 18:31:52,2025-10-25 18:07:18,2025-10-25,10,8,25.05592,121.51367,2,2025-10-25 10:32:51.141129,10,5,1,2025-10-25,0.8
500103030,YouBike2.0_永樂市場,大同區,2025-10-25 17:50:02,南京西路233巷103號旁,Datong Dist,YouBike2.0_Yongle Market,No. 103， Ln. 233， Nanjing W. Rd.,1,2025-10-25 18:31:29,2025-10-25 18:31:52,2025-10-25 17:50:02,2025-10-25,36,21,25.05454,121.51052,15,2025-10-25 10:32:51.141129,10,5,1,2025-10-25,0.5833333333333334
500103031,YouBike2.0_大龍公園,大同區,2025-10-25 16:50:04,大龍街217號對側,Datong Dist,YouBike2.0_Dalong Park,No. 217， Dalong St. (Opposite),1,2025-10-25 18:31:29,2025-10-25 18:31:52,2025-10-25 16:50:04,2025-10-25,26,5,25.07049,121.51596,21,2025-10-25 10:32:51.141129,10,5,1,2025-10-25,0.19230769230769232
500103032,YouBike2.0_重慶涼州街口,大同區,2025-10-25 16:10:03,重慶北路二段180號旁,Datong Dist,YouBike2.0_Chongcing Rd. & Liangjhou St. Intersection,No. 180， Sec. 2， Chongcing N. Rd.,1,2025-10-25 18:31:29,2025-10-25 18:31:52,2025-10-25 16:10:03,2025-10-25,13,6,25.06054,121.51338,7,2025-10-25 10:32:51.141129,10,5,1,2025-10-25,0.46153846153846156
500103033,YouBike2.0_圓山線形公園,大同區,2025-10-25 18:20:19,玉門街/民族西路(西北側),Datong Dist,YouBike2.0_Linear Park - Yuanshan,Minzu Rd. & Minzu W. Rd. Intersection (Northwest),1,2025-10-25 18:31:29,2025-10-25 18:31:52,2025-10-25 18:20:19,2025-10-25,26,0,25.06867,121.51993,25,2025-10-25 10:32:51.141129,10,5,1,2025-10-25,0.0
500103034,YouBike2.0_圓環站,大同區,2025-10-25 17:40:03,重慶北路一段128號前,Datong Dist,YouBike2.0_Yuanhuan,No. 128， Sec. 1， Chongcing N. Rd.,1,2025-10-25 18:31:29,2025-10-25 18:31:52,2025-10-25 17:40:03,2025-10-25,31,5,25.05369,121.51418,26,2025-10-25 10:32:51.141129,10,5,1,2025-10-25,0.16129032258064516
500103035,YouBike2.0_重慶民族路口,大同區,2025-10-25 17:40:03,重慶北路三段138號前,Datong Dist,YouBike2.0_Chongcing Rd. & Minzu Rd. Intersection,No. 138， Sec. 3， Chongcing N. Rd.,1,2025-10-25 18:31:29,2025-10-25 18:31:52,2025-10-25 17:40:03,2025-10-25,32,10,25.06853,121.51359,21,2025-10-25 10:32:51.141129,10,5,1,2025-10-25,0.3125
500103036,YouBike2.0_承德路三段8巷口,大同區,2025-10-25 17:20:02,承德路三段14號前,Datong Dist,YouBike2.0_Ln. 8， Sec. 3， Chengde Rd. Intersection,No. 14， Sec. 3， Chengde Rd.,1,2025-10-25 18:31:29,2025-10-25 18:31:52,2025-10-25 17:20:02,2025-10-25,21,7,25.06407,121.51822,14,2025-10-25 10:32:51.141129,10,5,1,2025-10-25,0.3333333333333333
500103037,YouBike2.0_太原廣場,大同區,2025-10-25 18:04:15,鄭州路23號(旁),Datong Dist,YouBike2.0_Tai Yuan Guang Chang,No. 23， Zhengzhou Rd.,1,2025-10-25 18:31:29,2025-10-25 18:31:52,2025-10-25 18:04:15,2025-10-25,31,29,25.04925,121.51468,1,2025-10-25 10:32:51.141129,10,5,1,2025-10-25,0.9354838709677419
500103038,YouBike2.0_國順公園,大同區,2025-10-25 17:45:17,昌吉街117號前,Datong Dist,YouBike2.0_Guoshun Park,No. 117， Changji St.,1,2025-10-25 18:31:29,2025-10-25 18:31:52,2025-10-25 17:45:17,2025-10-25,20,5,25.06594,121.51078,15,2025-10-25 10:32:51.141129,10,5,1,2025-10-25,0.25
500103039,YouBike2.0_聯合醫院中興院區,大同區,2025-10-25 17:50:02,長安西路299號(對面),Datong Dist,YouBike2.0_Taipei City Hospital Zhongxing Branch,No. 299， Chang'an W. Rd. (Opposite),1,2025-10-25 18:31:29,2025-10-25 18:31:52,2025-10-25 17:50:02,2025-10-25,48,1,25.05205,121.50818,47,2025-10-25 10:32:51.141129,10,5,1,2025-10-25,0.020833333333333332
500103040,YouBike2.0_蔣渭水紀念公園,大同區,2025-10-25 16:50:04,錦西街/興城街口(西南側),Datong Dist,YouBike2.0_Chiang Wei-shui Memorial Park,Jinxi St. & Xingcheng St. Intersection (Southwest),1,2025-10-25 18:31:29,2025-10-25 18:31:52,2025-10-25 16:50:04,2025-10-25,47,8,25.06011,121.51729,39,2025-10-25 10:32:51.141129,10,5,1,2025-10-25,0.1702127659574468
500103041,YouBike2.0_迪化休閒運動公園,大同區,2025-10-25 17:32:16,延平北路四段200號(南側),Datong Dist,YouBike2.0_Dihua Recreational Sports Park,No. 200， Sec. 4， Yanping N. (South),1,2025-10-25 18:31:29,2025-10-25 18:31:52,2025-10-25 17:32:16,2025-10-25,31,13,25.07491,121.5115,18,2025-10-25 10:32:51.141129,10,5,1,2025-10-25,0.41935483870967744
500103042,YouBike2.0_大同運動中心,大同區,2025-10-25 18:18:16,大龍街51號(旁),Datong Dist,YouBike2.0_Taipei DaTong Sports Center,No. 51， Dalong St.,1,2025-10-25 18:31:29,2025-10-25 18:31:52,2025-10-25 18:18:16,2025-10-25,16,14,25.06496,121.51608,2,2025-10-25 10:32:51.141129,10,5,1,2025-10-25,0.875
500103043,YouBike2.0_重慶保安街口(家樂福重慶店),大同區,2025-10-25 17:50:02,重慶北路二段171號(旁),Datong Dist,YouBike2.0_Chongqing Rd. & Bao'an St. Intersection,No. 171， Sec. 2， Chongqing N. Rd.,1,2025-10-25 18:31:29,2025-10-25 18:31:52,2025-10-25 17:50:02,2025-10-25,20,5,25.05918,121.51373,15,2025-10-25 10:32:51.141129,10,5,1,2025-10-25,0.25
500103044,YouBike2.0_大稻埕碼頭,大同區,2025-10-25 18:30:03,大稻埕疏散門(淡五號水門)外,Datong Dist,YouBike2.0_Dadaocheng Wharf,Dadaocheng Evacuation Gate,1,2025-10-25 18:31:29,2025-10-25 18:31:52,2025-10-25 18:30:03,2025-10-25,52,18,25.05662,121.50783,34,2025-10-25 10:32:51.141129,10,5,1,2025-10-25,0.34615384615384615
500103045,YouBike2.0_歸綏戲曲公園,大同區,2025-10-25 17:50:02,重慶北路二段/歸綏街口(南側),Datong Dist,YouBike2.0_Guisui Park,Sec. 2， Chongqing N. Rd. & Guisui St. Intersection (South),1,2025-10-25 18:31:29,2025-10-25 18:31:52,2025-10-25 17:50:02,2025-10-25,25,3,25.05805,121.51353,22,2025-10-25 10:32:51.141129,10,5,1,2025-10-25,0.12
500103046,YouBike2.0_民權國中(民權西路),大同區,2025-10-25 18:07:18,民權西路/蘭州街(西側),Datong Dist,YouBike2.0_Min-Quan Junior High School (Minquan W. Rd.),Minquan W. Rd. & Lanzhou St. Intersection (West),1,2025-10-25 18:31:29,2025-10-25 18:31:52,2025-10-25 18:07:18,2025-10-25,25,0,25.06322,121.5144,24,2025-10-25 10:32:51.141129,10,5,1,2025-10-25,0.0
500103047,YouBike2.0_承德民權路口,大同區,2025-10-25 18:30:03,承德路二段239號前,Datong Dist,YouBike2.0_Chengde Rd. & Minquan Rd. Intersection,No. 239， Sec. 2， Chengde Rd.,1,2025-10-25 18:31:29,2025-10-25 18:31:52,2025-10-25 18:30:03,2025-10-25,36,5,25.06247,121.51839,31,2025-10-25 10:32:51.141129,10,5,1,2025-10-25,0.1388888888888889
500103048,YouBike2.0_南京太原路口,大同區,2025-10-25 17:50:02,南京西路/太原路(東側),Datong Dist,YouBike2.0_Nanjing Rd. & Taiyuan Rd. Intersection,Nanjing W. Rd. & Taiyuan Rd. Intersection (East),1,2025-10-25 18:31:29,2025-10-25 18:31:52,2025-10-25 17:50:02,2025-10-25,29,2,25.05366,121.51638,26,2025-10-25 10:32:51.141129,10,5,1,2025-10-25,0.06896551724137931
500103049,YouBike2.0_承德民生西路口,大同區,2025-10-25 17:50:02,承德路二段137號前,Datong Dist,YouBike2.0_Chengde Rd. & Minsheng W. Rd. Intersection,No. 137， Sec. 2， Chengde Rd.,1,2025-10-25 18:31:29,2025-10-25 18:31:52,2025-10-25 17:50:02,2025-10-25,19,5,25.05756,121.51828,14,2025-10-25 10:32:51.141129,10,5,1,2025-10-25,0.2631578947368421
500103050,YouBike2.0_太原五原路口,大同區,2025-10-25 17:30:03,太原路 / 五原路口(東南側),Datong Dist,YouBike2.0_Taiyuan Rd. & Wuyuan Rd. Intersection,Taiyuan Rd. & Wuyuan Rd. Intersection (Southeast),1,2025-10-25 18:31:29,2025-10-25 18:31:52,2025-10-25 17:30:03,2025-10-25,32,18,25.05646,121.51698,14,2025-10-25 10:32:51.141129,10,5,1,2025-10-25,0.5625
500103051,YouBike2.0_臺北轉運站(華陰街),大同區,2025-10-25 17:50:02,華陰街45號(對面),Datong Dist,YouBike2.0_Taipei Bus Station (Huayin St.),No. 45， Huayin St. (Opposite),1,2025-10-25 18:31:29,2025-10-25 18:31:52,2025-10-25 17:50:02,2025-10-25,20,16,25.04937,121.51914,3,2025-10-25 10:32:51.141129,10,5,1,2025-10-25,0.8
500103052,YouBike2.0_捷運民權西路站(3號出口),大同區,2025-10-25 17:50:02,民權西路70巷37號對面,Datong Dist,YouBike2.0_MRT Minquan W. Rd. Sta. (Exit 3),No. 37， Ln. 70， Minquan W. Rd. (Opposite),1,2025-10-25 18:31:29,2025-10-25 18:31:52,2025-10-25 17:50:02,2025-10-25,50,47,25.06129,121.52021,2,2025-10-25 10:32:51.141129,10,5,1,2025-10-25,0.94
500103053,YouBike2.0_捷運中山站(5號出口),大同區,2025-10-25 18:30:03,南京西路57號前,Datong Dist,YouBike2.0_MRT Zhongshan Sta. (Exit 5),No. 57， Nanjing W. Rd.,1,2025-10-25 18:31:29,2025-10-25 18:31:52,2025-10-25 18:30:03,2025-10-25,18,15,25.05296,121.51938,3,2025-10-25 10:32:51.141129,10,5,1,2025-10-25,0.8333333333333334
500103054,YouBike2.0_重慶長安路口,大同區,2025-10-25 17:40:03,長安西路244號(重慶路側),Datong Dist,YouBike2.0_Chongqing Rd. & Chang'an Rd. Intersection,No. 244， Chang'an W. Rd. (Sec. 1， Chongqing N. Rd.),1,2025-10-25 18:31:29,2025-10-25 18:31:52,2025-10-25 17:40:03,2025-10-25,21,6,25.0515,121.51398,15,2025-10-25 10:32:51.141129,10,5,1,2025-10-25,0.2857142857142857
500103055,YouBike2.0_承德昌吉街口,大同區,2025-10-25 16:50:04,承德路三段83號前,Datong Dist,YouBike2.0_Chengde Rd. & Changji St. Intersection,No. 83， Sec. 3， Chengde Rd.,1,2025-10-25 18:31:29,2025-10-25 18:31:52,2025-10-25 16:50:04,2025-10-25,18,11,25.06587,121.51847,7,2025-10-25 10:32:51.141129,10,5,1,2025-10-25,0.6111111111111112
500103056,YouBike2.0_大同16號廣場,大同區,2025-10-25 15:40:02,環河北路一段/民生西路口(東南側),Datong Dist,YouBike2.0_Datong Plaza No.16,Sec. 1， Huanhe N. Rd. & Minsheng W. Rd. Intersection (Southeast),1,2025-10-25 18:31:29,2025-10-25 18:31:52,2025-10-25 15:40:02,2025-10-25,14,3,25.05658,121.50826,11,2025-10-25 10:32:51.141129,10,5,1,2025-10-25,0.21428571428571427
500103058,YouBike2.0_樹德公園_1,大同區,2025-10-25 17:40:03,大龍街/大龍街85巷(東北側),Datong Dist,YouBike2.0_Shude Park,Dalong St. & Ln. 85， Dalong St. Intersection (Northeast),1,2025-10-25 18:31:29,2025-10-25 18:31:52,2025-10-25 17:40:03,2025-10-25,40,18,25.06669,121.51615,21,2025-10-25 10:32:51.141129,10,5,1,2025-10-25,0.45
500103059,YouBike2.0_承德鄭州路口(市民高架下),大同區,2025-10-25 17:58:15,承德路一段/鄭州路口(市民高架下),Datong Dist,YouBike2.0_Chengde Rd. & Zhengzhou Rd.  Intersection,Sec. 1， Chengde Rd. & Zhengzhou Rd. (Under  Elevated Bridge),1,2025-10-25 18:31:29,2025-10-25 18:31:52,2025-10-25 17:58:15,2025-10-25,38,24,25.04879,121.51626,4,2025-10-25 10:32:51.141129,10,5,1,2025-10-25,0.631578947368421
500103060,YouBike2.0_成淵高中,大同區,2025-10-25 18:30:03,錦西街與錦西街52巷口東北側,Datong Dist,YouBike2.0_ChengYuan High School,Jinxi St. & Ln. 52， Jinxi St. Intersection (Northeast),1,2025-10-25 18:31:29,2025-10-25 18:31:52,2025-10-25 18:30:03,2025-10-25,25,5,25.06036,121.51996,20,2025-10-25 10:32:51.141129,10,5,1,2025-10-25,0.2
500103061,YouBike2.0_雙蓮國小,大同區,2025-10-25 18:30:03,民權西路102巷4弄25號對側人行道,Datong Dist,YouBike2.0_ShuangLian Elementary School,No. 25， Aly. 4， Ln. 102， Minquan W. Rd. (Opposite),1,2025-10-25 18:31:29,2025-10-25 18:31:52,2025-10-25 18:30:03,2025-10-25,20,5,25.06157,121.51683,15,2025-10-25 10:32:51.141129,10,5,1,2025-10-25,0.25
500103062,YouBike2.0_寧夏涼州街口,大同區,2025-10-25 18:30:03,寧夏路141號對側,Datong Dist,YouBike2.0_Ningxia Rd. & Liangzhou St. Intersection,No. 141， Ningxia Rd. (Opposite),1,2025-10-25 18:31:29,2025-10-25 18:31:52,2025-10-25 18:30:03,2025-10-25,15,5,25.06095,121.51428,10,2025-10-25 10:32:51.141129,10,5,1,2025-10-25,0.3333333333333333
500103063,YouBike2.0_延平涼州街口,大同區,2025-10-25 18:26:16,延平北路二段/涼州街口(行人天橋下),Datong Dist,YouBike2.0_Yanping Rd. & Liangzhou St. Intersection,Sec. 2， Yanping N. Rd. & Liangzhou St. Intersection,1,2025-10-25 18:31:29,2025-10-25 18:31:52,2025-10-25 18:26:16,2025-10-25,14,14,25.06092,121.51126,0,2025-10-25 10:32:51.141129,10,5,1,2025-10-25,1.0
500103064,YouBike2.0_大同行政中心,大同區,2025-10-25 16:40:02,昌吉街63號旁,Datong Dist,YouBike2.0_Datong District Admin. Center,No. 63， Changji St.,1,2025-10-25 18:31:29,2025-10-25 18:31:52,2025-10-25 16:40:02,2025-10-25,16,8,25.06603,121.51481,8,2025-10-25 10:32:51.141129,10,5,1,2025-10-25,0.5
500103065,YouBike2.0_大龍市場,大同區,2025-10-25 18:30:03,重慶北路三段335巷13號對面,Datong Dist,YouBike2.0_Dalong Market,No. 13， Ln. 335， Sec. 3， Chongqing N. Rd. (Opposite),1,2025-10-25 18:31:29,2025-10-25 18:31:52,2025-10-25 18:30:03,2025-10-25,15,12,25.07473,121.51451,3,2025-10-25 10:32:51.141129,10,5,1,2025-10-25,0.8
500103066,YouBike2.0_南京西寧北路口(西北側),大同區,2025-10-25 18:14:15,南京西路/西寧北路(西北側),Datong Dist,YouBike2.0_NanJing W. Rd. & XiNing N. Rd. Intersection (Northwest),NanJing W. Rd. & XiNing N. Rd. Intersection (Northwest),1,2025-10-25 18:31:29,2025-10-25 18:31:52,2025-10-25 18:14:15,2025-10-25,13,6,25.05348,121.50855,6,2025-10-25 10:32:51.141129,10,5,1,2025-10-25,0.46153846153846156
500103068,YouBike2.0_哈密街23巷19弄口,大同區,2025-10-25 17:46:17,敦煌路78號,Datong Dist,YouBike2.0_Aly. 19， Ln. 23， Hami St.,No. 78， Dunhuang Rd.,1,2025-10-25 18:31:29,2025-10-25 18:31:52,2025-10-25 17:46:17,2025-10-25,23,1,25.07563,121.51815,22,2025-10-25 10:32:51.141129,10,5,1,2025-10-25,0.043478260869565216
500103069,YouBike2.0_民權西路160巷口,大同區,2025-10-25 18:17:15,民權西路160巷口西側,Datong Dist,YouBike2.0_Ln. 160， MinQuan W. Rd.,Ln. 160， MinQuan W. Rd. (West),1,2025-10-25 18:31:29,2025-10-25 18:31:52,2025-10-25 18:17:15,2025-10-25,15,1,25.06289,121.51544,13,2025-10-25 10:32:51.141129,10,5,1,2025-10-25,0.06666666666666667
500103070,YouBike2.0_重慶北路三段205巷口,大同區,2025-10-25 17:45:17,重慶北路三段203-5號前,Datong Dist,YouBike2.0_Ln. 205， Sec. 3， ChongQing N. Rd.,No. 203-5， Sec. 3， ChongQing N. Rd.,1,2025-10-25 18:31:29,2025-10-25 18:31:52,2025-10-25 17:45:17,2025-10-25,19,1,25.06997,121.51388,18,2025-10-25 10:32:51.141129,10,5,1,2025-10-25,0.05263157894736842
500103071,YouBike2.0_承德路二段91巷口,大同區,2025-10-25 17:00:04,承德路二段91巷/承德路二段(東南側),Datong Dist,YouBike2.0_Ln. 91， Sec. 2， ChengDe Rd.,Ln. 91， Sec. 2， ChengDe Rd. & ChengDe Rd. Intersection (Southeast),1,2025-10-25 18:31:29,2025-10-25 18:31:52,2025-10-25 17:00:04,2025-10-25,20,8,25.05621,121.51847,12,2025-10-25 10:32:51.141129,10,5,1,2025-10-25,0.4
500103072,YouBike2.0_酒泉庫倫街口,大同區,2025-10-25 18:29:15,酒泉街52號(前),Datong Dist,YouBike2.0_JiuQuan St. & KuLun St. Intersection,No. 52， JiuQuan St.,1,2025-10-25 18:31:29,2025-10-25 18:31:52,2025-10-25 18:29:15,2025-10-25,15,13,25.07194,121.51626,1,2025-10-25 10:32:51.141129,10,5,1,2025-10-25,0.8666666666666667
500103073,YouBike2.0_民族西大龍街口,大同區,2025-10-25 18:09:15,民族西路165號(前),Datong Dist,YouBike2.0_MinZu W. Rd. & DaLong St. Intersection,No. 165， MinZu W. Rd.,1,2025-10-25 18:31:29,2025-10-25 18:31:52,2025-10-25 18:09:15,2025-10-25,16,1,25.06864,121.51559,15,2025-10-25 10:32:51.141129,10,5,1,2025-10-25,0.0625
500103074,YouBike2.0_承德路三段324巷口,大同區,2025-10-25 16:10:03,承德路三段316號(旁),Datong Dist,YouBike2.0_Ln. 324， Sec. 3， ChengDe Rd.,No. 316， Sec. 3， ChengDe Rd.,1,2025-10-25 18:31:29,2025-10-25 18:31:52,2025-10-25 16:10:03,2025-10-25,45,21,25.07477,121.51977,22,2025-10-25 10:32:51.141129,10,5,1,2025-10-25,0.4666666666666667
500103075,YouBike2.0_玉泉公園(鄭州路),大同區,2025-10-25 15:52:01,鄭州路/西寧北路(西南側),Datong Dist,YouBike2.0_YuQuan Park (ZhengZhou Rd.),ZhengZhou Rd. & XinIng N. Rd. Intersection (Southwest),1,2025-10-25 18:31:29,2025-10-25 18:31:52,2025-10-25 15:52:01,2025-10-25,20,7,25.05044,121.50766,13,2025-10-25 10:32:51.141129,10,5,1,2025-10-25,0.35
500103076,YouBike2.0_玉泉公園(忠孝西路),大同區,2025-10-25 17:40:03,忠孝西路二段/西寧北路(西北側),Datong Dist,YouBike2.0_YuQuan Park (ZhongXiao W. Rd.),Sec. 2， ZhongXiao W. Rd. & XinIng N. Rd. Intersection (Northwest),1,2025-10-25 18:31:29,2025-10-25 18:31:52,2025-10-25 17:40:03,2025-10-25,25,2,25.04888,121.50745,23,2025-10-25 10:32:51.141129,10,5,1,2025-10-25,0.08
500103077,YouBike2.0_太平國小,大同區,2025-10-25 11:30:05,重慶北路二段184號旁,Datong Dist,YouBike2.0_Taiping Elementary School,No. 184， Sec. 2， ChongPing N. Rd.,1,2025-10-25 18:31:29,2025-10-25 18:31:52,2025-10-25 11:30:05,2025-10-25,23,9,25.06189,121.51343,14,2025-10-25 10:32:51.141129,10,5,1,2025-10-25,0.391304347826087
500103078,YouBike2.0_明倫高中,大同區,2025-10-25 10:52:02,承德路三段336號旁,Datong Dist,YouBike2.0_Minglun High School,No. 336， Sec. 3， ChengDe Rd.,1,2025-10-25 18:31:29,2025-10-25 18:31:52,2025-10-25 10:52:02,2025-10-25,32,18,25.07576,121.52011,14,2025-10-25 10:32:51.141129,10,5,1,2025-10-25,0.5625
500103079,YouBike2.0_伊寧重慶北路口,大同區,2025-10-25 16:20:04,伊寧街/重慶北路三段,Datong Dist,YouBike2.0_YiNing St. & ChongQing N. Rd. Intersection,YiNing St. & Sec. 3， ChongQing N. Rd. Intersection,1,2025-10-25 18:31:29,2025-10-25 18:31:52,2025-10-25 16:20:04,2025-10-25,15,8,25.06465,121.51335,7,2025-10-25 10:32:51.141129,10,5,1,2025-10-25,0.5333333333333333
500103080,YouBike2.0_永樂國小,大同區,2025-10-25 15:30:02,安西街128號對面,Datong Dist,YouBike2.0_YongLe Elementary School,No. 128， AnXi St. (Opposite),1,2025-10-25 18:31:29,2025-10-25 18:31:52,2025-10-25 15:30:02,2025-10-25,17,7,25.06174,121.50982,10,2025-10-25 10:32:51.141129,10,5,1,2025-10-25,0.4117647058823529
500103081,YouBike2.0_民權延平路口(西南側),大同區,2025-10-25 17:46:17,民權西路與延平北路二段口(西南側),Datong Dist,YouBike2.0_MinQuan W. Rd. & Yanping N. Rd. Intersection (Southwest),MinQuan W. Rd. & Sec. 2， Yanping N. Rd. Intersection (Southwest),1,2025-10-25 18:31:29,2025-10-25 18:31:52,2025-10-25 17:46:17,2025-10-25,14,13,25.06263,121.51107,1,2025-10-25 10:32:51.141129,10,5,1,2025-10-25,0.9285714285714286
500103082,YouBike2.0_捷運民權西路站(1號出口),大同區,2025-10-25 16:47:02,捷運民權西路站(1號出口),Datong Dist,YouBike2.0_MRT Minquan W. Rd. Sta. (Exit 1),MRT Minquan W. Rd. Sta. (Exit 1),1,2025-10-25 18:31:29,2025-10-25 18:31:52,2025-10-25 16:47:02,2025-10-25,19,13,25.06277,121.51933,6,2025-10-25 10:32:51.141129,10,5,1,2025-10-25,0.6842105263157895
500103083,YouBike2.0_承德路三段301巷,大同區,2025-10-25 10:00:04,承德路三段299巷14號(對面公園),Datong Dist,YouBike2.0_Ln. 301， Sec. 3， ChengDe Rd.,No. 14， Ln. 299， Sec. 3， ChengDe Rd. (Opposite),1,2025-10-25 18:31:29,2025-10-25 18:31:52,2025-10-25 10:00:04,2025-10-25,39,11,25.07535,121.52138,28,2025-10-25 10:32:51.141129,10,5,1,2025-10-25,0.28205128205128205
500104001,YouBike2.0_劍潭抽水站,士林區,2025-10-25 16:40:02,通河東街325巷/通河東街口,Shilin Dist,YouBike2.0_Jiantan Pumping Station,Ln. 325， Tonghe St. Intersection,1,2025-10-25 18:31:29,2025-10-25 18:31:52,2025-10-25 16:40:02,2025-10-25,17,6,25.08128,121.51784,9,2025-10-25 10:32:51.141129,10,5,1,2025-10-25,0.35294117647058826
500104002,YouBike2.0_通河東街大南路口,士林區,2025-10-25 16:50:04,通河東街1段192號(旁),Shilin Dist,YouBike2.0_Tonghe E. St. & Danan Rd. Intersection,No. 192， Sec.1， Tonghe E. St. (Side),1,2025-10-25 18:31:29,2025-10-25 18:31:52,2025-10-25 16:50:04,2025-10-25,15,3,25.08914,121.51542,12,2025-10-25 10:32:51.141129,10,5,1,2025-10-25,0.2
500104003,YouBike2.0_福港街停車場,士林區,2025-10-25 18:30:03,華齡街175號(旁),Shilin Dist,YouBike2.0_Fugang St. Parking Lot,No. 175， Hualing St. (Side),1,2025-10-25 18:31:29,2025-10-25 18:31:52,2025-10-25 18:30:03,2025-10-25,38,1,25.08695,121.51901,36,2025-10-25 10:32:51.141129,10,5,1,2025-10-25,0.02631578947368421
500104004,YouBike2.0_百齡國小,士林區,2025-10-25 18:30:03,前港街104號(對面),Shilin Dist,YouBike2.0_Bailing Elementary School,No. 104， Qiangang St. (Opposite),1,2025-10-25 18:31:29,2025-10-25 18:31:52,2025-10-25 18:30:03,2025-10-25,50,6,25.08521,121.51918,44,2025-10-25 10:32:51.141129,10,5,1,2025-10-25,0.12
500104005,YouBike2.0_雨聲街165巷口,士林區,2025-10-25 13:20:04,雨聲街/雨聲街165巷(西北側),Shilin Dist,YouBike2.0_Ln. 165， Yusheng St. Intersection,Ln. 165， Yusheng St. Intersection (Northwest),1,2025-10-25 18:31:29,2025-10-25 18:31:52,2025-10-25 13:20:04,2025-10-25,24,11,25.10277,121.53357,12,2025-10-25 10:32:51.141129,10,5,1,2025-10-25,0.4583333333333333
500104006,YouBike2.0_天和公園,士林區,2025-10-25 18:31:15,中山北路七段14巷(公園西側),Shilin Dist,YouBike2.0_Tianhe Park,No.30， Ln.69， Tianmu E. Rd. (Front),1,2025-10-25 18:31:29,2025-10-25 18:31:52,2025-10-25 18:31:15,2025-10-25,16,6,25.12011,121.53357,6,2025-10-25 10:32:51.141129,10,5,1,2025-10-25,0.375
500104007,YouBike2.0_中山天母路口,士林區,2025-10-25 17:50:02,天母西路3-55號前人行道,Shilin Dist,YouBike2.0_Zhongshan & Tianmu Rd. Intersection,No. 3-55， Tianmu W. Rd. (Front),1,2025-10-25 18:31:29,2025-10-25 18:31:52,2025-10-25 17:50:02,2025-10-25,29,26,25.11856,121.52964,2,2025-10-25 10:32:51.141129,10,5,1,2025-10-25,0.896551724137931
500104008,YouBike2.0_天母運動公園,士林區,2025-10-25 17:50:02,忠誠路二段/忠誠路二段207巷(東南側),Shilin Dist,YouBike2.0_Tianmu Sports Park,Ln. 207， Sec.2， Zhongcheng Rd. (Southeast),1,2025-10-25 18:31:29,2025-10-25 18:31:52,2025-10-25 17:50:02,2025-10-25,62,50,25.11633,121.53414,11,2025-10-25 10:32:51.141129,10,5,1,2025-10-25,0.8064516129032258
500104009,YouBike2.0_臺北市立大學(天母校區),士林區,2025-10-25 18:30:03,士東路276號至280號對面人行道,Shilin Dist,YouBike2.0_University of Taipei (Tianmu Campus),No. 276-280， Shidong Rd. (Opposite),1,2025-10-25 18:31:29,2025-10-25 18:31:52,2025-10-25 18:30:03,2025-10-25,48,14,25.11356,121.53718,33,2025-10-25 10:32:51.141129,10,5,1,2025-10-25,0.2916666666666667
500104010,YouBike2.0_忠誠路二段53巷,士林區,2025-10-25 18:30:03,忠誠路2段53巷7號(對面),Shilin Dist,YouBike2.0_Ln. 53， Sec. 2， Zhongcheng Rd.,No.7， Ln. 53， Sec. 2， Zhongcheng Rd. (Opposite),1,2025-10-25 18:31:29,2025-10-25 18:31:52,2025-10-25 18:30:03,2025-10-25,37,29,25.11127,121.53244,7,2025-10-25 10:32:51.141129,10,5,1,2025-10-25,0.7837837837837838
500104012,YouBike2.0_天母棒球場,士林區,2025-10-25 16:30:04,忠誠路二段122號(對面),Shilin Dist,YouBike2.0_Taipei Tianmu Baseball Stadium,No. 122， Sec. 2， Zhongcheng Rd. (Opposite),1,2025-10-25 18:31:29,2025-10-25 18:31:52,2025-10-25 16:30:04,2025-10-25,26,7,25.11341,121.53195,19,2025-10-25 10:32:51.141129,10,5,1,2025-10-25,0.2692307692307692
500104013,YouBike2.0_天母北天玉街口,士林區,2025-10-25 14:39:03,天母北路33號(前),Shilin Dist,YouBike2.0_Tianmu N. Rd. & Tianyu St. Intersection,No. 33， Tianmu N. Rd.,1,2025-10-25 18:31:29,2025-10-25 18:31:52,2025-10-25 14:39:03,2025-10-25,29,18,25.12011,121.52652,11,2025-10-25 10:32:51.141129,10,5,1,2025-10-25,0.6206896551724138
500104014,YouBike2.0_蘭興公園,士林區,2025-10-25 16:50:04,中山北路六段/士東路(西北側),Shilin Dist,YouBike2.0_Lanxing Park,Sec. 6， Zhongshan N. Rd. & Shidong Rd. Intersection (Northwest),1,2025-10-25 18:31:29,2025-10-25 18:31:52,2025-10-25 16:50:04,2025-10-25,61,26,25.11184,121.52589,35,2025-10-25 10:32:51.141129,10,5,1,2025-10-25,0.4262295081967213
500104015,YouBike2.0_明勝公園,士林區,2025-10-25 16:40:02,承德路4段6巷71號(對面),Shilin Dist,YouBike2.0_Mingsheng Park,No. 71， Ln. 6， Sec.4， Chengde Rd. (Opposite),1,2025-10-25 18:31:29,2025-10-25 18:31:52,2025-10-25 16:40:02,2025-10-25,14,3,25.08009,121.51895,11,2025-10-25 10:32:51.141129,10,5,1,2025-10-25,0.21428571428571427
500104016,YouBike2.0_劍潭海外青年活動中心,士林區,2025-10-25 18:31:15,中山北路4段/通河街口,Shilin Dist,YouBike2.0_Chientan Youth Activity Center,Sec. 4， Zhongshan N. Rd. & Tonghe St. Intersection,1,2025-10-25 18:31:29,2025-10-25 18:31:52,2025-10-25 18:31:15,2025-10-25,23,0,25.07994,121.52426,23,2025-10-25 10:32:51.141129,10,5,1,2025-10-25,0.0
500104018,YouBike2.0_忠誠路一段173巷口,士林區,2025-10-25 18:28:16,忠誠路一段177號(前),Shilin Dist,YouBike2.0_No. 173， Sec. 1， Zhongcheng Rd. Intersection,No. 177， Sec. 1， Zhongcheng Rd.,1,2025-10-25 18:31:29,2025-10-25 18:31:52,2025-10-25 18:28:16,2025-10-25,11,4,25.10813,121.5304,4,2025-10-25 10:32:51.141129,10,5,1,2025-10-25,0.36363636363636365
500104019,YouBike2.0_雨農國小,士林區,2025-10-25 16:40:02,忠義街6號對側,Shilin Dist,YouBike2.0_Yunong Elementary School,No. 127， Sec. 1， Zhongcheng Rd.,1,2025-10-25 18:31:29,2025-10-25 18:31:52,2025-10-25 16:40:02,2025-10-25,21,5,25.1054,121.5295,14,2025-10-25 10:32:51.141129,10,5,1,2025-10-25,0.23809523809523808
500104020,YouBike2.0_忠誠公園,士林區,2025-10-25 16:20:04,忠誠路一段18號(對面),Shilin Dist,YouBike2.0_Zhongcheng Park,No. 18， Sec. 1， Zhongcheng Rd.,1,2025-10-25 18:31:29,2025-10-25 18:31:52,2025-10-25 16:20:04,2025-10-25,25,1,25.10399,121.52593,24,2025-10-25 10:32:51.141129,10,5,1,2025-10-25,0.04
500104021,YouBike2.0_芝山抽水站,士林區,2025-10-25 17:30:03,至誠路二段47-49號(前),Shilin Dist,YouBike2.0_Zhishan Pumping Plant,No. 47， Sec. 2， Zhicheng Rd.,1,2025-10-25 18:31:29,2025-10-25 18:31:52,2025-10-25 17:30:03,2025-10-25,41,19,25.10155,121.52832,21,2025-10-25 10:32:51.141129,10,5,1,2025-10-25,0.4634146341463415
500104022,YouBike2.0_至誠路一段305巷口,士林區,2025-10-25 18:27:17,至誠路一段303號(對面),Shilin Dist,YouBike2.0_Ln. 305， Sec. 1， Zhicheng Rd. Intersection,No. 303， Sec. 1， Zhicheng Rd.,1,2025-10-25 18:31:29,2025-10-25 18:31:52,2025-10-25 18:27:17,2025-10-25,21,2,25.10186,121.53083,17,2025-10-25 10:32:51.141129,10,5,1,2025-10-25,0.09523809523809523
500104023,YouBike2.0_華齡公園,士林區,2025-10-25 17:30:03,劍潭路76號(對面),Shilin Dist,YouBike2.0_Hualing Park,No. 76， Jiantan Rd. (Opposite),1,2025-10-25 18:31:29,2025-10-25 18:31:52,2025-10-25 17:30:03,2025-10-25,32,12,25.08302,121.52069,20,2025-10-25 10:32:51.141129,10,5,1,2025-10-25,0.375
500104024,YouBike2.0_前港公園(福德宮),士林區,2025-10-25 17:50:02,後港街134巷/後港街口,Shilin Dist,YouBike2.0_Qiangang Park(Fude Temple),Ln. 134， Hougang/Hougang St. Intersection,1,2025-10-25 18:31:29,2025-10-25 18:31:52,2025-10-25 17:50:02,2025-10-25,18,10,25.08671,121.52096,8,2025-10-25 10:32:51.141129,10,5,1,2025-10-25,0.5555555555555556
500104025,YouBike2.0_華齡街185巷口,士林區,2025-10-25 18:31:15,華齡街188號(前),Shilin Dist,YouBike2.0_Ln. 185， Hualing St.,No. 188， Hualing St.,1,2025-10-25 18:31:29,2025-10-25 18:31:52,2025-10-25 18:31:15,2025-10-25,12,0,25.08828,121.51985,11,2025-10-25 10:32:51.141129,10,5,1,2025-10-25,0.0
500104026,YouBike2.0_前港公園(前港街),士林區,2025-10-25 18:30:03,前港街48號(對面),Shilin Dist,YouBike2.0_Qiangang Park (Qiangang St),No. 48， Qiangang St. (Opposite),1,2025-10-25 18:31:29,2025-10-25 18:31:52,2025-10-25 18:30:03,2025-10-25,27,7,25.0848,121.52125,20,2025-10-25 10:32:51.141129,10,5,1,2025-10-25,0.25925925925925924
500104027,YouBike2.0_百齡高中,士林區,2025-10-25 17:40:03,承德路四段179巷/承德路4段口,Shilin Dist,YouBike2.0_Bailing High School,Ln. 179， Sec. 4， Chengde Rd. Intersection,1,2025-10-25 18:31:29,2025-10-25 18:31:52,2025-10-25 17:40:03,2025-10-25,27,17,25.08736,121.52272,10,2025-10-25 10:32:51.141129,10,5,1,2025-10-25,0.6296296296296297
500104028,YouBike2.0_捷運芝山站(2號出口),士林區,2025-10-25 15:39:02,福華路151號(對面),Shilin Dist,YouBike2.0_MRT Zhishan Station,No. 151， Fuhua Rd. (Opposite),1,2025-10-25 18:31:29,2025-10-25 18:31:52,2025-10-25 15:39:02,2025-10-25,50,8,25.10364,121.52219,42,2025-10-25 10:32:51.141129,10,5,1,2025-10-25,0.16
500104029,YouBike2.0_臺灣戲曲中心,士林區,2025-10-25 17:20:02,文林路751號(南側),Shilin Dist,YouBike2.0_Taiwan Traditional Theatre Center,No. 751， Wenlin Rd. (South),1,2025-10-25 18:31:29,2025-10-25 18:31:52,2025-10-25 17:20:02,2025-10-25,25,4,25.10208,121.51979,21,2025-10-25 10:32:51.141129,10,5,1,2025-10-25,0.16
500104030,YouBike2.0_捷運劍潭站(2號出口),士林區,2025-10-25 15:39:02,基河路18號(對面),Shilin Dist,YouBike2.0_MRT Jianta Station,No.18， Jihe Rd. (Opposite),1,2025-10-25 18:31:29,2025-10-25 18:31:52,2025-10-25 15:39:02,2025-10-25,49,16,25.08388,121.52535,33,2025-10-25 10:32:51.141129,10,5,1,2025-10-25,0.32653061224489793
500104031,YouBike2.0_劍潭基河路口,士林區,2025-10-25 18:30:03,劍潭路基河路口(捷運站橋下空間),Shilin Dist,YouBike2.0_Jiantan Rd & Jihe Rd Intersection,Jiantan Rd. & Jihe Rd. Intersection,1,2025-10-25 18:31:29,2025-10-25 18:31:52,2025-10-25 18:30:03,2025-10-25,66,24,25.08403,121.5249,42,2025-10-25 10:32:51.141129,10,5,1,2025-10-25,0.36363636363636365
500104032,YouBike2.0_志成公園,士林區,2025-10-25 17:40:03,雨農路7巷口,Shilin Dist,YouBike2.0_Zhicheng Park,Jhongjheng Rd & Yunong Rd. Intersection (Northwest),1,2025-10-25 18:31:29,2025-10-25 18:31:52,2025-10-25 17:40:03,2025-10-25,23,8,25.09716,121.53214,15,2025-10-25 10:32:51.141129,10,5,1,2025-10-25,0.34782608695652173
500104033,YouBike2.0_福林國小,士林區,2025-10-25 18:13:15,福志路50號(對面),Shilin Dist,YouBike2.0_Fu-Lin Elementary School,No. 50， Fuzhi Rd. (Opposite),1,2025-10-25 18:31:29,2025-10-25 18:31:52,2025-10-25 18:13:15,2025-10-25,14,4,25.09896,121.53025,10,2025-10-25 10:32:51.141129,10,5,1,2025-10-25,0.2857142857142857
500104034,YouBike2.0_中山中正路口,士林區,2025-10-25 18:30:03,中山北路五段609號(前),Shilin Dist,YouBike2.0_Sec. 5， Jhongshan N. Rd & Jhongjheng Rd Intersection,No. 609， Sec. 5， Jhongshan N. Rd.,1,2025-10-25 18:31:29,2025-10-25 18:31:52,2025-10-25 18:30:03,2025-10-25,19,12,25.09651,121.52753,7,2025-10-25 10:32:51.141129,10,5,1,2025-10-25,0.631578947368421
500104035,YouBike2.0_士林運動中心,士林區,2025-10-25 18:26:16,士商路1號(前),Shilin Dist,YouBike2.0_Shihlin Sport Center,No. 1， Shishang Rd.,1,2025-10-25 18:31:29,2025-10-25 18:31:52,2025-10-25 18:26:16,2025-10-25,30,15,25.08911,121.52154,15,2025-10-25 10:32:51.141129,10,5,1,2025-10-25,0.5
500104036,YouBike2.0_陽明高中,士林區,2025-10-25 17:30:03,中正路510號(前),Shilin Dist,YouBike2.0_Yangming High School,No. 510， Zhongzheng Rd.,1,2025-10-25 18:31:29,2025-10-25 18:31:52,2025-10-25 17:30:03,2025-10-25,36,14,25.09164,121.51706,22,2025-10-25 10:32:51.141129,10,5,1,2025-10-25,0.3888888888888889
500104037,YouBike2.0_兒童新樂園,士林區,2025-10-25 18:30:03,承德路五段55號(旁公車亭),Shilin Dist,YouBike2.0_Taipei Children's Amusement Park,No. 55， Sec. 5， Chengde Rd.,1,2025-10-25 18:31:29,2025-10-25 18:31:52,2025-10-25 18:30:03,2025-10-25,23,6,25.09631,121.51449,17,2025-10-25 10:32:51.141129,10,5,1,2025-10-25,0.2608695652173913
500104038,YouBike2.0_臺北市立天文館,士林區,2025-10-25 17:59:19,基河路363號(前),Shilin Dist,YouBike2.0_Taipei Astronomical Museum,No. 363， Jihe Rd.,1,2025-10-25 18:31:29,2025-10-25 18:31:52,2025-10-25 17:59:19,2025-10-25,50,0,25.09598,121.51776,50,2025-10-25 10:32:51.141129,10,5,1,2025-10-25,0.0
500104039,YouBike2.0_華聲公園,士林區,2025-10-25 17:20:02,華聲街17號(南側路側),Shilin Dist,YouBike2.0_Huasheng Park,No. 17， Huasheng St. (South),1,2025-10-25 18:31:29,2025-10-25 18:31:52,2025-10-25 17:20:02,2025-10-25,35,21,25.09619,121.5223,14,2025-10-25 10:32:51.141129,10,5,1,2025-10-25,0.6
500104040,YouBike2.0_福林公園,士林區,2025-10-25 17:30:03,福林路/中山北路五段(東北側),Shilin Dist,YouBike2.0_Fulin Park,Sec. 5， Zhongshan N. Rd. (Northwest),1,2025-10-25 18:31:29,2025-10-25 18:31:52,2025-10-25 17:30:03,2025-10-25,25,8,25.09419,121.52833,17,2025-10-25 10:32:51.141129,10,5,1,2025-10-25,0.32
500104042,YouBike2.0_銘傳大學,士林區,2025-10-25 16:20:04,中山北路五段250號(銘傳大學對側),Shilin Dist,YouBike2.0_Ming Chuan University Taipei Campus,No. 250， Sec. 5， Zhongshan N. Rd.,1,2025-10-25 18:31:29,2025-10-25 18:31:52,2025-10-25 16:20:04,2025-10-25,26,5,25.08771,121.52677,21,2025-10-25 10:32:51.141129,10,5,1,2025-10-25,0.19230769230769232
500104043,YouBike2.0_士林高商,士林區,2025-10-25 18:30:03,士商路150號(校門旁),Shilin Dist,YouBike2.0_Shilin High School of Commerce,No. 150， Shishang Rd.,1,2025-10-25 18:31:29,2025-10-25 18:31:52,2025-10-25 18:30:03,2025-10-25,26,7,25.09435,121.51702,19,2025-10-25 10:32:51.141129,10,5,1,2025-10-25,0.2692307692307692
500104044,YouBike2.0_蘭雅公園,士林區,2025-10-25 18:30:03,忠誠路二段/忠誠路二段40巷(西南側),Shilin Dist,YouBike2.0_Lanya Park,Ln. 40， Sec. 2， Zhongcheng Rd. Intersection (Southwest),1,2025-10-25 18:31:29,2025-10-25 18:31:52,2025-10-25 18:30:03,2025-10-25,38,8,25.10991,121.53039,28,2025-10-25 10:32:51.141129,10,5,1,2025-10-25,0.21052631578947367
500104045,YouBike2.0_聯合醫院陽明院區,士林區,2025-10-25 16:10:03,雨聲街105號(南側),Shilin Dist,YouBike2.0_Taipei City Hospital Yangming Branch,No. 105， Yusheng St. (South),1,2025-10-25 18:31:29,2025-10-25 18:31:52,2025-10-25 16:10:03,2025-10-25,25,12,25.10455,121.53195,13,2025-10-25 10:32:51.141129,10,5,1,2025-10-25,0.48
500104046,YouBike2.0_捷運芝山站(1號出口),士林區,2025-10-25 18:30:03,福華路114號(對面),Shilin Dist,YouBike2.0_MRT Zhishan Sta. (Exit 1),No. 114， Fuhua Rd. (Opposite),1,2025-10-25 18:31:29,2025-10-25 18:31:52,2025-10-25 18:30:03,2025-10-25,35,4,25.10225,121.52286,31,2025-10-25 10:32:51.141129,10,5,1,2025-10-25,0.11428571428571428
500104047,YouBike2.0_至誠公園,士林區,2025-10-25 17:40:03,至誠路一段80號(對面),Shilin Dist,YouBike2.0_Zhicheng Park,No. 80， Sec. 1， Zhicheng Rd. (Opposite),1,2025-10-25 18:31:29,2025-10-25 18:31:52,2025-10-25 17:40:03,2025-10-25,20,9,25.10143,121.53585,11,2025-10-25 10:32:51.141129,10,5,1,2025-10-25,0.45
500104048,YouBike2.0_原住民文化主題公園,士林區,2025-10-25 16:47:02,至善路二段280號(對面),Shilin Dist,YouBike2.0_Indigenous People's Park,No. 280， Sec. 2， Zhishan Rd. (Opposite),1,2025-10-25 18:31:29,2025-10-25 18:31:52,2025-10-25 16:47:02,2025-10-25,21,13,25.10113,121.55159,8,2025-10-25 10:32:51.141129,10,5,1,2025-10-25,0.6190476190476191
500104049,YouBike2.0_通河東街2段10巷口,士林區,2025-10-25 11:53:01,通河東街2段5號(對面),Shilin Dist,YouBike2.0_Ln. 10， Sec. 2， Tonghe E. St. Intersection,No. 5， Sec. 2， Tonghe E. St. (Opposite),1,2025-10-25 18:31:29,2025-10-25 18:31:52,2025-10-25 11:53:01,2025-10-25,15,9,25.09106,121.51502,6,2025-10-25 10:32:51.141129,10,5,1,2025-10-25,0.6
500104050,YouBike2.0_梅林新村,士林區,2025-10-25 10:20:03,至善路一段/至善路一段138巷(北側),Shilin Dist,YouBike2.0_Meilin New Village,Sec. 1， Zhishan Rd & Ln. 138， Sec. 1， Zhishan Rd (North),1,2025-10-25 18:31:29,2025-10-25 18:31:52,2025-10-25 10:20:03,2025-10-25,25,12,25.09755,121.54036,12,2025-10-25 10:32:51.141129,10,5,1,2025-10-25,0.48
500104051,YouBike2.0_延平北中正路口,士林區,2025-10-25 15:52:01,中正路613號(對面),Shilin Dist,YouBike2.0_Yanping N. Rd & Zhongzheng Rd Intersection,No. 403， Zhongzheng Rd,1,2025-10-25 18:31:29,2025-10-25 18:31:52,2025-10-25 15:52:01,2025-10-25,30,18,25.08678,121.50948,12,2025-10-25 10:32:51.141129,10,5,1,2025-10-25,0.6
500104052,YouBike2.0_重慶北路四段190巷口,士林區,2025-10-25 11:04:02,重慶北路四段198號(前),Shilin Dist,YouBike2.0_Ln. 190， Sec. 4， Chongqing N. Rd Intersection,No. 198， Sec. 4， Chongqing N. Rd,1,2025-10-25 18:31:29,2025-10-25 18:31:52,2025-10-25 11:04:02,2025-10-25,13,2,25.08505,121.51166,11,2025-10-25 10:32:51.141129,10,5,1,2025-10-25,0.15384615384615385
500104053,YouBike2.0_重慶北葫東街口,士林區,2025-10-25 16:00:02,重慶北路四段177號(前),Shilin Dist,YouBike2.0_Sec. 4， Chongqing N. Rd.& Hudong St Intersection,No. 177， Sec. 4， Chongqing N. Rd.,1,2025-10-25 18:31:29,2025-10-25 18:31:52,2025-10-25 16:00:02,2025-10-25,15,9,25.08393,121.51169,6,2025-10-25 10:32:51.141129,10,5,1,2025-10-25,0.6
500104054,YouBike2.0_葫蘆國小,士林區,2025-10-25 17:00:04,環河北路三段/葫蘆街(東北側),Shilin Dist,YouBike2.0_Hulu Elementary School,Sec. 3， Huanhe N. Rd & Hulu St. (Northeast),1,2025-10-25 18:31:29,2025-10-25 18:31:52,2025-10-25 17:00:04,2025-10-25,30,8,25.08254,121.5075,22,2025-10-25 10:32:51.141129,10,5,1,2025-10-25,0.26666666666666666
500104055,YouBike2.0_士林3號廣場,士林區,2025-10-25 17:00:04,中山北路六段81號(旁),Shilin Dist,YouBike2.0_Shilin Plaza,No. 81， Sec 6， Zhongshan N. Rd.,1,2025-10-25 18:31:29,2025-10-25 18:31:52,2025-10-25 17:00:04,2025-10-25,38,12,25.10459,121.52417,26,2025-10-25 10:32:51.141129,10,5,1,2025-10-25,0.3157894736842105
500104056,YouBike2.0_社正公園,士林區,2025-10-25 17:00:04,社中街39號(對面),Shilin Dist,YouBike2.0_Shezheng Park,No. 39， Shezhong St. (Opposite),1,2025-10-25 18:31:29,2025-10-25 18:31:52,2025-10-25 17:00:04,2025-10-25,15,8,25.08824,121.51054,7,2025-10-25 10:32:51.141129,10,5,1,2025-10-25,0.5333333333333333
500104057,YouBike2.0_社子國小,士林區,2025-10-25 18:30:03,延平北路六段258巷/社中街(南側),Shilin Dist,YouBike2.0_Shezi Elementary School,Ln. 258， Sec. 6， Yanping N. Rd.， Shilin Dist.& Shezhong St.(South),1,2025-10-25 18:31:29,2025-10-25 18:31:52,2025-10-25 18:30:03,2025-10-25,11,8,25.09186,121.50292,3,2025-10-25 10:32:51.141129,10,5,1,2025-10-25,0.7272727272727273
500104058,YouBike2.0_社中街384巷口,士林區,2025-10-25 17:30:03,通河西街二段194號(對面),Shilin Dist,YouBike2.0_Ln. 384， Shezhong St Intersection,No. 194， Sec. 2， Tonghe W. St. (Opposite),1,2025-10-25 18:31:29,2025-10-25 18:31:52,2025-10-25 17:30:03,2025-10-25,24,9,25.09346,121.50376,15,2025-10-25 10:32:51.141129,10,5,1,2025-10-25,0.375
500104059,YouBike2.0_忠誠路一段138號,士林區,2025-10-25 17:50:02,忠誠路一段138號(斜前方),Shilin Dist,YouBike2.0_No. 138， Sec. 1， Zhongcheng Rd,No. 138， Sec. 1， Zhongcheng Rd. (Diagonally across),1,2025-10-25 18:31:29,2025-10-25 18:31:52,2025-10-25 17:50:02,2025-10-25,15,3,25.10641,121.52944,10,2025-10-25 10:32:51.141129,10,5,1,2025-10-25,0.2
500104060,YouBike2.0_社子公園,士林區,2025-10-25 17:25:18,永平街20巷37弄/永平街20巷11弄(社子公園南側),Shilin Dist,YouBike2.0_Shezi Park,Aly. 37， Ln. 20， Yongping St & Aly. 11， Ln. 20， Yongping St Intersection.,1,2025-10-25 18:31:29,2025-10-25 18:31:52,2025-10-25 17:25:18,2025-10-25,31,2,25.0902,121.50622,28,2025-10-25 10:32:51.141129,10,5,1,2025-10-25,0.06451612903225806
500104061,YouBike2.0_國立故宮博物院,士林區,2025-10-25 15:39:02,力行街8號(對面),Shilin Dist,YouBike2.0_National Palace Museum,No. 8， Lixing St. (Opposite),1,2025-10-25 18:31:29,2025-10-25 18:31:52,2025-10-25 15:39:02,2025-10-25,17,9,25.09833,121.54788,8,2025-10-25 10:32:51.141129,10,5,1,2025-10-25,0.5294117647058824
500104062,YouBike2.0_泰北高中,士林區,2025-10-25 17:20:02,福林路240號(前),Shilin Dist,YouBike2.0_Taibei High School,No. 240， Fulin Rd.,1,2025-10-25 18:31:29,2025-10-25 18:31:52,2025-10-25 17:20:02,2025-10-25,23,3,25.09763,121.53402,20,2025-10-25 10:32:51.141129,10,5,1,2025-10-25,0.13043478260869565
500104063,YouBike2.0_後港公園,士林區,2025-10-25 17:10:03,通河東街二段26號(旁公園),Shilin Dist,YouBike2.0_Hougang Park,No. 26， Sec. 2， Tonghe E. St. (Side),1,2025-10-25 18:31:29,2025-10-25 18:31:52,2025-10-25 17:10:03,2025-10-25,15,6,25.09312,121.51419,8,2025-10-25 10:32:51.141129,10,5,1,2025-10-25,0.4
500104064,YouBike2.0_重慶北路四段117號,士林區,2025-10-25 11:52:02,重慶北路四段117號(前),Shilin Dist,YouBike2.0_No. 117， Sec. 4， Chongqing N. Rd,No. 117， Sec. 4， Chongqing N. Rd.,1,2025-10-25 18:31:29,2025-10-25 18:31:52,2025-10-25 11:52:02,2025-10-25,24,4,25.08279,121.51219,20,2025-10-25 10:32:51.141129,10,5,1,2025-10-25,0.16666666666666666
500104065,YouBike2.0_社子島島頭公園,士林區,2025-10-25 17:10:03,延平北路九段323號(後方堤外),Shilin Dist,YouBike2.0_Daotou Park,No. 323， Sec. 9， Yanping N. Rd. (Back),1,2025-10-25 18:31:29,2025-10-25 18:31:52,2025-10-25 17:10:03,2025-10-25,22,4,25.10893,121.46639,17,2025-10-25 10:32:51.141129,10,5,1,2025-10-25,0.18181818181818182
500104066,YouBike2.0_延平北路八段133巷口,士林區,2025-10-25 17:20:02,延平北路八段133巷42號(對面),Shilin Dist,YouBike2.0_Ln. 133， Sec. 8， Yanping N. Rd Intersection,No. 67， Ln. 133， Sec. 8， Yanping N. Rd Intersection. (Opposite),1,2025-10-25 18:31:29,2025-10-25 18:31:52,2025-10-25 17:20:02,2025-10-25,22,8,25.10304,121.48297,14,2025-10-25 10:32:51.141129,10,5,1,2025-10-25,0.36363636363636365
500104067,YouBike2.0_坤天亭,士林區,2025-10-25 15:39:02,延平北路八段96巷15號(前),Shilin Dist,YouBike2.0_Kuntian Temple,No. 15， Ln. 96， Sec. 8， Yanping N. Rd.,1,2025-10-25 18:31:29,2025-10-25 18:31:52,2025-10-25 15:39:02,2025-10-25,14,2,25.1064,121.4836,12,2025-10-25 10:32:51.141129,10,5,1,2025-10-25,0.14285714285714285
500104068,YouBike2.0_社子島濕地解說小築,士林區,2025-10-25 07:48:03,社子島濕地解說小築,Shilin Dist,YouBike2.0_Shezidao Wetlands Service Center,Shezidao Wetlands Service Center,1,2025-10-25 18:31:29,2025-10-25 18:31:52,2025-10-25 07:48:03,2025-10-25,15,7,25.11314,121.48974,7,2025-10-25 10:32:51.141129,10,5,1,2025-10-25,0.4666666666666667
500104069,YouBike2.0_福安國中,士林區,2025-10-25 01:13:03,延平北路七段250號(前),Shilin Dist,YouBike2.0_Fu'an Junior High School,No. 250， Sec. 7， Yanping N. Rd.,1,2025-10-25 18:31:29,2025-10-25 18:31:52,2025-10-25 01:13:03,2025-10-25,25,14,25.10261,121.48819,11,2025-10-25 10:32:51.141129,10,5,1,2025-10-25,0.56
500104070,YouBike2.0_福安消防分隊,士林區,2025-10-25 17:50:02,延平北路七段42之7號(對面),Shilin Dist,YouBike2.0_Taipei City Fire Department of Fuan Station,No. 42-7， Sec. 7， Yanping N. Rd. (Opposite),1,2025-10-25 18:31:29,2025-10-25 18:31:52,2025-10-25 17:50:02,2025-10-25,20,5,25.09669,121.49706,15,2025-10-25 10:32:51.141129,10,5,1,2025-10-25,0.25
500104071,YouBike2.0_聖山綠地,士林區,2025-10-25 18:30:03,忠義街94號(旁),Shilin Dist,YouBike2.0_Shengshan Greens,No. 94， Zhongyi St.,1,2025-10-25 18:31:29,2025-10-25 18:31:52,2025-10-25 18:30:03,2025-10-25,15,10,25.10696,121.53234,4,2025-10-25 10:32:51.141129,10,5,1,2025-10-25,0.6666666666666666
500104072,YouBike2.0_芝山國小,士林區,2025-10-25 17:20:02,德行東路285號(德行東路283巷側人行道),Shilin Dist,YouBike2.0_Zhishan Elementary School,No. 285， Dexing E. Rd. (Ln. 283， Dexing E. Rd),1,2025-10-25 18:31:29,2025-10-25 18:31:52,2025-10-25 17:20:02,2025-10-25,38,20,25.11044,121.53595,18,2025-10-25 10:32:51.141129,10,5,1,2025-10-25,0.5263157894736842
500104073,YouBike2.0_士林新天地,士林區,2025-10-25 16:30:04,大南路325號前方,Shilin Dist,YouBike2.0_Shilin New Village,No.325， Danan Rd.,1,2025-10-25 18:31:29,2025-10-25 18:31:52,2025-10-25 16:30:04,2025-10-25,29,13,25.08899,121.51751,16,2025-10-25 10:32:51.141129,10,5,1,2025-10-25,0.4482758620689655
500104074,YouBike2.0_蘭雅國小,士林區,2025-10-25 16:50:04,礦溪街與中山北路六段195巷口,Shilin Dist,YouBike2.0_Lanya Elementary School,Huangsi St. & Ln. 195， Sec. 6， Jhongshan N. Rd. Intersection,1,2025-10-25 18:31:29,2025-10-25 18:31:52,2025-10-25 16:50:04,2025-10-25,30,11,25.10775,121.52312,19,2025-10-25 10:32:51.141129,10,5,1,2025-10-25,0.36666666666666664
500104075,YouBike2.0_中正基河路口,士林區,2025-10-25 17:20:02,中正路420號(基河路300巷),Shilin Dist,YouBike2.0_Jhongjheng Rd. & Jihe Rd. Intersection,No. 420， Jhongjheng Rd.,1,2025-10-25 18:31:29,2025-10-25 18:31:52,2025-10-25 17:20:02,2025-10-25,37,6,25.09382,121.51921,31,2025-10-25 10:32:51.141129,10,5,1,2025-10-25,0.16216216216216217
500104076,YouBike2.0_福林公園(福林路),士林區,2025-10-25 16:30:04,福林路15號(前),Shilin Dist,YouBike2.0_Fulin Park (Fulin Rd.),I862  No.15， Fulin Rd.(front),1,2025-10-25 18:31:29,2025-10-25 18:31:52,2025-10-25 16:30:04,2025-10-25,47,17,25.09587,121.53123,30,2025-10-25 10:32:51.141129,10,5,1,2025-10-25,0.3617021276595745
500104077,YouBike2.0_至善臨溪路口,士林區,2025-10-25 14:39:03,至善路一段/臨溪路(西南側),Shilin Dist,YouBike2.0_Jhihshan Rd. & Linsi Rd. Intersection,Sec. 1， Jhihshan Rd. & Linsi Rd. Intersection (Southwest),1,2025-10-25 18:31:29,2025-10-25 18:31:52,2025-10-25 14:39:03,2025-10-25,48,22,25.09709,121.54229,25,2025-10-25 10:32:51.141129,10,5,1,2025-10-25,0.4583333333333333
500104078,YouBike2.0_市立圖書館葫蘆堵分館,士林區,2025-10-25 16:47:02,延平北路五段136巷1號前,Shilin Dist,YouBike2.0_Taipei Public Library Huludu Branch,No. 1， Ln. 136， Sec. 5， Yanping N. Rd.,1,2025-10-25 18:31:29,2025-10-25 18:31:52,2025-10-25 16:47:02,2025-10-25,18,9,25.08217,121.51074,9,2025-10-25 10:32:51.141129,10,5,1,2025-10-25,0.5
500104079,YouBike2.0_東山路110巷口,士林區,2025-10-25 16:20:04,東山路114號對側,Shilin Dist,YouBike2.0_Ln. 110， Dongshan Rd.,No. 114， Dongshan Rd. (Opposite),1,2025-10-25 18:31:29,2025-10-25 18:31:52,2025-10-25 16:20:04,2025-10-25,16,5,25.11306,121.53945,9,2025-10-25 10:32:51.141129,10,5,1,2025-10-25,0.3125
500104080,YouBike2.0_永平社會住宅,士林區,2025-10-25 17:30:03,環河北路三段261巷2號,Shilin Dist,YouBike2.0_Yongping Social Housing,No. 2， Ln. 261， Sec. 3， Huanhe N. Rd.,1,2025-10-25 18:31:29,2025-10-25 18:31:52,2025-10-25 17:30:03,2025-10-25,15,3,25.08887,121.50314,12,2025-10-25 10:32:51.141129,10,5,1,2025-10-25,0.2
500104081,YouBike2.0_雨農橋,士林區,2025-10-25 18:07:18,福志路14巷42號(對面),Shilin Dist,YouBike2.0_Yunong Bridge,No. 42， Ln. 14， Fuzhi Rd. (Opposite),1,2025-10-25 18:31:29,2025-10-25 18:31:52,2025-10-25 18:07:18,2025-10-25,16,3,25.10012,121.53253,11,2025-10-25 10:32:51.141129,10,5,1,2025-10-25,0.1875
500104082,YouBike2.0_通河街76巷/承德路四段10巷口,士林區,2025-10-25 17:50:02,承德路四段10巷37號(旁),Shilin Dist,YouBike2.0_Ln. 76， Tonghe St. & Ln. 10， Sec. 4， Chengde Rd. Intersection,No. 37， Ln. 10， Sec. 4， Chengde Rd.,1,2025-10-25 18:31:29,2025-10-25 18:31:52,2025-10-25 17:50:02,2025-10-25,14,5,25.08019,121.5202,9,2025-10-25 10:32:51.141129,10,5,1,2025-10-25,0.35714285714285715
500104083,YouBike2.0_芝山聖佑宮,士林區,2025-10-25 16:30:04,雨聲街90號旁,Shilin Dist,YouBike2.0_Zhishan Shengyou Temple,No. 90， Yusheng St.,1,2025-10-25 18:31:29,2025-10-25 18:31:52,2025-10-25 16:30:04,2025-10-25,25,16,25.10455,121.53025,9,2025-10-25 10:32:51.141129,10,5,1,2025-10-25,0.64
500104084,YouBike2.0_至誠雨聲街口,士林區,2025-10-25 18:30:17,至誠路二段與雨聲街口東北側,Shilin Dist,YouBike2.0_Zhicheng Rd. & Yusheng St. Intersection,Sec. 2， Zhicheng Rd. & Yusheng St. Intersection (Northeast),1,2025-10-25 18:31:29,2025-10-25 18:31:52,2025-10-25 18:30:17,2025-10-25,9,9,25.10199,121.52927,0,2025-10-25 10:32:51.141129,10,5,1,2025-10-25,1.0
500104085,YouBike2.0_捷運線型公園(後街),士林區,2025-10-25 16:40:02,後街15號旁,Shilin Dist,YouBike2.0_MRT Linear Park (Hou St.),No. 15， Hou St.,1,2025-10-25 18:31:29,2025-10-25 18:31:52,2025-10-25 16:40:02,2025-10-25,28,8,25.09812,121.52449,20,2025-10-25 10:32:51.141129,10,5,1,2025-10-25,0.2857142857142857
500104086,YouBike2.0_天母公園,士林區,2025-10-25 12:40:02,中山北路七段141巷30號對側,Shilin Dist,YouBike2.0_Tianmu Park,No. 30， Ln. 141， Sec. 7， Zhongshan N. Rd. (Opposite),1,2025-10-25 18:31:29,2025-10-25 18:31:52,2025-10-25 12:40:02,2025-10-25,12,5,25.12408,121.53003,7,2025-10-25 10:32:51.141129,10,5,1,2025-10-25,0.4166666666666667
500104087,YouBike2.0_基河文林路口,士林區,2025-10-25 17:30:03,基河路3-1號對側人行道,Shilin Dist,YouBike2.0_Jihe Rd. & Wenlin Rd. Intersection,No. 3-1， Jihe Rd. (Opposite),1,2025-10-25 18:31:29,2025-10-25 18:31:52,2025-10-25 17:30:03,2025-10-25,50,27,25.08637,121.5247,23,2025-10-25 10:32:51.141129,10,5,1,2025-10-25,0.54
500104088,YouBike2.0_文林福華路口,士林區,2025-10-25 17:00:04,文林路 / 福華路口(東側),Shilin Dist,YouBike2.0_Wenlin Rd. & Fude Rd. Intersection,Wenlin Rd. & Fude Rd. Intersection (East),1,2025-10-25 18:31:29,2025-10-25 18:31:52,2025-10-25 17:00:04,2025-10-25,19,6,25.10094,121.52243,13,2025-10-25 10:32:51.141129,10,5,1,2025-10-25,0.3157894736842105
500104090,YouBike2.0_社子國小_1,士林區,2025-10-25 16:10:03,延平北路六段/社中街(社子國小對面跨提便道橋下),Shilin Dist,YouBike2.0_SheZi Elementary School,Sec. 6， Yanping N. Rd./Shezhong St. Intersection (South),1,2025-10-25 18:31:29,2025-10-25 18:31:52,2025-10-25 16:10:03,2025-10-25,50,18,25.09029,121.50189,32,2025-10-25 10:32:51.141129,10,5,1,2025-10-25,0.36
500104091,YouBike2.0_捷運劍潭站(1號出口),士林區,2025-10-25 18:30:03,捷運劍潭站(1號出口)北側,Shilin Dist,YouBike2.0_MRT Jianta Sta. (Exit 1),MRT Jianta Sta. (Exit 1) (North),1,2025-10-25 18:31:29,2025-10-25 18:31:52,2025-10-25 18:30:03,2025-10-25,70,28,25.08577,121.52531,42,2025-10-25 10:32:51.141129,10,5,1,2025-10-25,0.4
500104092,YouBike2.0_德行東山路口,士林區,2025-10-25 16:50:04,德行東路/東山路(西北側),Shilin Dist,YouBike2.0_Dexing Rd. & Dongshan Rd. Intersection,Dexing E. Rd. & Dongshan Rd. Intersection (Northwest),1,2025-10-25 18:31:29,2025-10-25 18:31:52,2025-10-25 16:50:04,2025-10-25,12,6,25.1107,121.53999,6,2025-10-25 10:32:51.141129,10,5,1,2025-10-25,0.5
500104094,YouBike2.0_重慶北通河西街口,士林區,2025-10-25 15:43:01,重慶北路四段276號(前),Shilin Dist,YouBike2.0_Chongqing N. Rd. & Tonghe W. St. Intersection,No. 276， Sec. 4， Chongqing N. Rd.,1,2025-10-25 18:31:29,2025-10-25 18:31:52,2025-10-25 15:43:01,2025-10-25,12,5,25.08756,121.51177,6,2025-10-25 10:32:51.141129,10,5,1,2025-10-25,0.4166666666666667
500104095,YouBike2.0_葫蘆國小(延平北路五段285巷),士林區,2025-10-25 17:00:04,環河北路三段/延平北路五段285巷,Shilin Dist,YouBike2.0_Hulu Elementary School (Ln. 285， Sec. 5， Yanping N. Rd.),Sec. 3， Huanhe N. Rd. & Ln. 285， Sec. 5， Yanping N. Rd. Intersection,1,2025-10-25 18:31:29,2025-10-25 18:31:52,2025-10-25 17:00:04,2025-10-25,25,10,25.08406,121.5067,15,2025-10-25 10:32:51.141129,10,5,1,2025-10-25,0.4
500104096,YouBike2.0_社子市場,士林區,2025-10-25 15:10:03,延平北路六段67號旁,Shilin Dist,YouBike2.0_Shezi Market,No. 67， Sec. 6， Yanping N. Rd.,1,2025-10-25 18:31:29,2025-10-25 18:31:52,2025-10-25 15:10:03,2025-10-25,15,2,25.0881,121.50873,13,2025-10-25 10:32:51.141129,10,5,1,2025-10-25,0.13333333333333333
500104097,YouBike2.0_士林區農會社子分部,士林區,2025-10-25 16:20:04,社子街162號旁,Shilin Dist,YouBike2.0_Shilin District Farmers' Association (Shezi St.),No. 162， Shezi St.,1,2025-10-25 18:31:29,2025-10-25 18:31:52,2025-10-25 16:20:04,2025-10-25,8,5,25.08912,121.5049,3,2025-10-25 10:32:51.141129,10,5,1,2025-10-25,0.625
500104098,YouBike2.0_承德劍潭路口,士林區,2025-10-25 18:30:03,承德路四段與劍潭路口西側,Shilin Dist,YouBike2.0_Chengde Rd. & Jiantan Rd. Intersection,Sec. 4， Chengde Rd. & Jiantan Rd. Intersection (West),1,2025-10-25 18:31:29,2025-10-25 18:31:52,2025-10-25 18:30:03,2025-10-25,19,12,25.0841,121.52341,7,2025-10-25 10:32:51.141129,10,5,1,2025-10-25,0.631578947368421
500104099,YouBike2.0_文林路101巷口,士林區,2025-10-25 16:30:04,文林路100號前,Shilin Dist,YouBike2.0_Ln. 101， Wenlin Rd.,No. 100， Wenlin Rd.,1,2025-10-25 18:31:29,2025-10-25 18:31:52,2025-10-25 16:30:04,2025-10-25,17,12,25.08761,121.52608,5,2025-10-25 10:32:51.141129,10,5,1,2025-10-25,0.7058823529411765
500104100,YouBike2.0_延平北路五段257巷15弄口,士林區,2025-10-25 16:00:02,葫蘆街184號對側,Shilin Dist,YouBike2.0_Aly. 15， Ln. 257， Sec. 5， Yanping N. Rd.,No. 184， Hulu St.,1,2025-10-25 18:31:29,2025-10-25 18:31:52,2025-10-25 16:00:02,2025-10-25,11,3,25.08408,121.50959,8,2025-10-25 10:32:51.141129,10,5,1,2025-10-25,0.2727272727272727
500104101,YouBike2.0_延平北路五段257巷4弄口,士林區,2025-10-25 15:50:04,延平北路五段257巷17號前,Shilin Dist,YouBike2.0_Aly. 4， Ln. 257， Sec. 5， Yanping N. Rd.,No. 17， Ln. 257， Sec. 5， Yanping N. Rd.,1,2025-10-25 18:31:29,2025-10-25 18:31:52,2025-10-25 15:50:04,2025-10-25,15,4,25.08471,121.5089,11,2025-10-25 10:32:51.141129,10,5,1,2025-10-25,0.26666666666666666
500104102,YouBike2.0_啟明學校,士林區,2025-10-25 18:25:16,忠誠路二段200號(新光三越天母店)對側,Shilin Dist,YouBike2.0_Taipei School For The Visually Impaired,No. 200， Sec. 2， Zhongcheng Rd. (Opposite),1,2025-10-25 18:31:29,2025-10-25 18:31:52,2025-10-25 18:25:16,2025-10-25,16,11,25.11742,121.53472,5,2025-10-25 10:32:51.141129,10,5,1,2025-10-25,0.6875
500104103,YouBike2.0_中山福國路口,士林區,2025-10-25 11:37:03,中山北路五段837號前,Shilin Dist,YouBike2.0_Zhongshan N. Rd. & Fuguo Rd. Intersection,No. 837， Sec. 5， Zhongshan N. Rd.,1,2025-10-25 18:31:29,2025-10-25 18:31:52,2025-10-25 11:37:03,2025-10-25,14,6,25.10203,121.52561,7,2025-10-25 10:32:51.141129,10,5,1,2025-10-25,0.42857142857142855
500104104,YouBike2.0_德行公園,士林區,2025-10-25 18:28:16,德行西路33號對側,Shilin Dist,YouBike2.0_Dexing Park,No. 33， Dexing W. Rd. (Opposite),1,2025-10-25 18:31:29,2025-10-25 18:31:52,2025-10-25 18:28:16,2025-10-25,14,1,25.10585,121.52376,13,2025-10-25 10:32:51.141129,10,5,1,2025-10-25,0.07142857142857142
500104105,YouBike2.0_承德後港街口,士林區,2025-10-25 16:50:04,承德路四段/後港街口,Shilin Dist,YouBike2.0_Chengde Rd & Hougang St. Intersection,Sec. 4， Chengde Rd & Hougang St. Intersection,1,2025-10-25 18:31:29,2025-10-25 18:31:52,2025-10-25 16:50:04,2025-10-25,20,14,25.08238,121.52309,6,2025-10-25 10:32:51.141129,10,5,1,2025-10-25,0.7
500104106,YouBike2.0_中山北路五段698巷口,士林區,2025-10-25 16:00:02,中山北路五段692號前,Shilin Dist,YouBike2.0_Ln. 698， Sec. 5， Zhongshan N. Rd.,No. 692， Sec. 5， Zhongshan N. Rd.,1,2025-10-25 18:31:29,2025-10-25 18:31:52,2025-10-25 16:00:02,2025-10-25,15,2,25.09765,121.52757,11,2025-10-25 10:32:51.141129,10,5,1,2025-10-25,0.13333333333333333
500104107,YouBike2.0_捷運士林站(1號出口),士林區,2025-10-25 17:32:16,中正路236巷/中正路口,Shilin Dist,YouBike2.0_MRT Shilin Sta. (Exit 1),Ln. 236， Zhongzheng Rd. & Zhongzheng Rd. Intersection,1,2025-10-25 18:31:29,2025-10-25 18:31:52,2025-10-25 17:32:16,2025-10-25,38,37,25.09561,121.52552,1,2025-10-25 10:32:51.141129,10,5,1,2025-10-25,0.9736842105263158
500104108,YouBike2.0_捷運芝山站(2號出口)_1,士林區,2025-10-25 18:30:03,福華路/福華路162巷(東南側),Shilin Dist,YouBike2.0_MRT Zhishan Sta. (Exit 2)_1,Fuhua Rd. & Ln. 162， Fuhua Rd. Intersection (Southeast),1,2025-10-25 18:31:29,2025-10-25 18:31:52,2025-10-25 18:30:03,2025-10-25,62,5,25.10336,121.52263,57,2025-10-25 10:32:51.141129,10,5,1,2025-10-25,0.08064516129032258
500104109,YouBike2.0_銘傳大學(中山北路五段280巷口),士林區,2025-10-25 12:48:01,中山北路五段280巷口,Shilin Dist,YouBike2.0_MCU (Ln. 280， Sec. 5， Zhongshan N. Rd.),Ln. 280， Sec. 5， Zhongshan N. Rd.,1,2025-10-25 18:31:29,2025-10-25 18:31:52,2025-10-25 12:48:01,2025-10-25,23,4,25.08762,121.52711,19,2025-10-25 10:32:51.141129,10,5,1,2025-10-25,0.17391304347826086
500104110,YouBike2.0_海光公園南側,士林區,2025-10-25 12:10:03,葫蘆街79號對側公園,Shilin Dist,YouBike2.0_Haiguang Park (South),No. 79， Hulu St. (Opposite),1,2025-10-25 18:31:29,2025-10-25 18:31:52,2025-10-25 12:10:03,2025-10-25,12,4,25.08036,121.5084,8,2025-10-25 10:32:51.141129,10,5,1,2025-10-25,0.3333333333333333
500104111,YouBike2.0_士商路40巷口,士林區,2025-10-25 16:50:04,士商路40巷2號旁,Shilin Dist,YouBike2.0_Ln. 40， Shishang Rd.,No. 2， Ln. 40， Shishang Rd.,1,2025-10-25 18:31:29,2025-10-25 18:31:52,2025-10-25 16:50:04,2025-10-25,15,4,25.09013,121.52054,10,2025-10-25 10:32:51.141129,10,5,1,2025-10-25,0.26666666666666666
500104112,YouBike2.0_劍潭郵局,士林區,2025-10-25 18:28:16,基河路/承德路四段77巷口(捷運橋下),Shilin Dist,YouBike2.0_Shihlin Jiantan Post Office,Jihe Rd. & Ln. 77， Sec. 4， Chengde Rd. Intersection (Under Bridge),1,2025-10-25 18:31:29,2025-10-25 18:31:52,2025-10-25 18:28:16,2025-10-25,32,0,25.08182,121.52431,32,2025-10-25 10:32:51.141129,10,5,1,2025-10-25,0.0
500104113,YouBike2.0_士東路91巷口,士林區,2025-10-25 18:30:03,士東路91巷3號旁,Shilin Dist,YouBike2.0_Ln. 91， Shidong Rd.,No. 3， Ln. 91， Shidong Rd.,1,2025-10-25 18:31:29,2025-10-25 18:31:52,2025-10-25 18:30:03,2025-10-25,16,6,25.11247,121.52914,9,2025-10-25 10:32:51.141129,10,5,1,2025-10-25,0.375
500104114,YouBike2.0_美崙公園,士林區,2025-10-25 16:40:02,美崙街118號斜對面人行道,Shilin Dist,YouBike2.0_Meilun Park,No. 118， Meilun St. (Opposite),1,2025-10-25 18:31:29,2025-10-25 18:31:52,2025-10-25 16:40:02,2025-10-25,22,12,25.09677,121.51931,10,2025-10-25 10:32:51.141129,10,5,1,2025-10-25,0.5454545454545454
500104115,YouBike2.0_臺北市立大學(忠誠路二段207巷),士林區,2025-10-25 16:30:04,忠誠路二段207巷/士東路299巷口,Shilin Dist,YouBike2.0_University of Taipei (Ln. 270， Sec. 2， Zhongcheng Rd.),Ln. 270， Sec. 2， Zhongcheng Rd. & Ln. 299， Shidong Rd. Intersection,1,2025-10-25 18:31:29,2025-10-25 18:31:52,2025-10-25 16:30:04,2025-10-25,17,4,25.11642,121.53743,12,2025-10-25 10:32:51.141129,10,5,1,2025-10-25,0.23529411764705882
500104116,YouBike2.0_天母東路8巷/忠誠路二段154巷口,士林區,2025-10-25 18:15:30,天母東路8巷57號對側,Shilin Dist,YouBike2.0_Ln. 8， Tianmu E. Rd. & Ln. 154， Sec. 2， Zhongcheng Rd. Intersection,No. 57， Ln. 8， Tianmu E. Rd. (Opposite),1,2025-10-25 18:31:29,2025-10-25 18:31:52,2025-10-25 18:15:30,2025-10-25,25,13,25.11579,121.53113,9,2025-10-25 10:32:51.141129,10,5,1,2025-10-25,0.52
500104117,YouBike2.0_美崙公園(東北側),士林區,2025-10-25 14:52:02,文林路587巷115號對側,Shilin Dist,YouBike2.0_Meilun Park (Northeast),No. 115， Ln. 587， Wenlin Rd. (Opposite),1,2025-10-25 18:31:29,2025-10-25 18:31:52,2025-10-25 14:52:02,2025-10-25,25,18,25.09886,121.51835,7,2025-10-25 10:32:51.141129,10,5,1,2025-10-25,0.72
500104118,YouBike2.0_福安河濱公園,士林區,2025-10-25 17:50:02,延平北路七段145巷45號斜對面,Shilin Dist,YouBike2.0_Fuan Riverside Park,No. 45， Ln. 145， Sec. 7， Yanping N. Rd. (Opposite),1,2025-10-25 18:31:29,2025-10-25 18:31:52,2025-10-25 17:50:02,2025-10-25,14,4,25.09646,121.49358,10,2025-10-25 10:32:51.141129,10,5,1,2025-10-25,0.2857142857142857
500104119,YouBike2.0_忠誠忠義街口(北側),士林區,2025-10-25 18:30:03,忠誠路一段125號前,Shilin Dist,YouBike2.0_Zhongcheng Rd. & Zhongyi St. Intersection (North),No. 125， Sec. 1， Zhongcheng Rd.,1,2025-10-25 18:31:29,2025-10-25 18:31:52,2025-10-25 18:30:03,2025-10-25,13,7,25.10566,121.52922,3,2025-10-25 10:32:51.141129,10,5,1,2025-10-25,0.5384615384615384
500104120,YouBike2.0_忠誠忠義街口(南側),士林區,2025-10-25 13:42:03,忠誠路一段109號前,Shilin Dist,YouBike2.0_Zhongcheng Rd. & Zhongyi St. Intersection (South),No. 109， Sec. 1， Zhongcheng Rd.,1,2025-10-25 18:31:29,2025-10-25 18:31:52,2025-10-25 13:42:03,2025-10-25,14,2,25.10519,121.52869,12,2025-10-25 10:32:51.141129,10,5,1,2025-10-25,0.14285714285714285
500104121,YouBike2.0_士林國小,士林區,2025-10-25 17:00:04,福德路與福德路48巷口,Shilin Dist,YouBike2.0_Shilin Elementary School,Fude Rd. & Ln. 48， Fude Rd. Intersection,1,2025-10-25 18:31:29,2025-10-25 18:31:52,2025-10-25 17:00:04,2025-10-25,15,2,25.09204,121.52472,13,2025-10-25 10:32:51.141129,10,5,1,2025-10-25,0.13333333333333333
500104122,YouBike2.0_雙溪濕地公園,士林區,2025-10-25 17:22:15,承德路五段與承德路五段150巷口西南側,Shilin Dist,YouBike2.0_ShuangXi Park,Sec. 5， Chengde Rd. & No. 150， Sec. 5， Chengde Rd. Intersection (Southwest),1,2025-10-25 18:31:29,2025-10-25 18:31:52,2025-10-25 17:22:15,2025-10-25,15,2,25.09762,121.51321,13,2025-10-25 10:32:51.141129,10,5,1,2025-10-25,0.13333333333333333
500104123,YouBike2.0_劍潭海外青年活動中心(志清大樓),士林區,2025-10-25 10:41:02,中山北路四段16號(志清大樓旁),Shilin Dist,YouBike2.0_Chientan Youth Activity Center (Chin Ching Building),No. 16， Sec. 4， ZhongShan N. Rd. (Chin Ching Building),1,2025-10-25 18:31:29,2025-10-25 18:31:52,2025-10-25 10:41:02,2025-10-25,30,10,25.07793,121.52357,20,2025-10-25 10:32:51.141129,10,5,1,2025-10-25,0.3333333333333333
500104124,YouBike2.0_天和一號公園,士林區,2025-10-25 16:30:04,天母東路69巷/天母東路,Shilin Dist,YouBike2.0_No.1 TianHe Park,Ln. 69， TianMu E. Rd. & TianMu E. Rd. Intersection,1,2025-10-25 18:31:29,2025-10-25 18:31:52,2025-10-25 16:30:04,2025-10-25,15,7,25.11836,121.53466,8,2025-10-25 10:32:51.141129,10,5,1,2025-10-25,0.4666666666666667
500104125,YouBike2.0_忠誠路二段178巷口,士林區,2025-10-25 18:21:16,忠誠路二段178巷13號對面,Shilin Dist,YouBike2.0_Ln. 178， Sec. 2， ZhongCheng Rd.,No. 13， Ln. 178， Sec. 2， ZhongCheng Rd. (Opposite),1,2025-10-25 18:31:29,2025-10-25 18:31:52,2025-10-25 18:21:16,2025-10-25,15,6,25.11633,121.53295,9,2025-10-25 10:32:51.141129,10,5,1,2025-10-25,0.4
500104126,YouBike2.0_克強磺溪街口,士林區,2025-10-25 15:52:01,克強路與磺溪街口西南側,Shilin Dist,YouBike2.0_KeGiang Rd. & HuangXi St. Intersection,KeQiang Rd. & HuangXi St. Intersection (Southwest),1,2025-10-25 18:31:29,2025-10-25 18:31:52,2025-10-25 15:52:01,2025-10-25,24,3,25.10893,121.52319,21,2025-10-25 10:32:51.141129,10,5,1,2025-10-25,0.125
500104128,YouBike2.0_蘭雅公園(西側),士林區,2025-10-25 18:04:15,德行東路109巷75號東側,Shilin Dist,YouBike2.0_LanYa Park  (West),No. 75， Ln. 109， DeXing E. Rd. (East),1,2025-10-25 18:31:29,2025-10-25 18:31:52,2025-10-25 18:04:15,2025-10-25,15,3,25.10985,121.52859,11,2025-10-25 10:32:51.141129,10,5,1,2025-10-25,0.2
500104129,YouBike2.0_福林路100巷77弄口,士林區,2025-10-25 14:50:04,福林路100巷/福林路100巷77弄,Shilin Dist,YouBike2.0_Aly. 77， Ln. 100， FuLin Rd.,Ln. 100， FuLin Rd. & Aly. 77， Ln. 100， FuLin Rd. Intersection,1,2025-10-25 18:31:29,2025-10-25 18:31:52,2025-10-25 14:50:04,2025-10-25,18,5,25.09441,121.53285,13,2025-10-25 10:32:51.141129,10,5,1,2025-10-25,0.2777777777777778
500104130,YouBike2.0_福林路100巷11弄口,士林區,2025-10-25 15:52:01,福林路100巷11弄/福林路100巷77弄,Shilin Dist,YouBike2.0_Aly. 11， Ln. 100， FuLin Rd.,Aly. 11， Ln. 100， FuLin Rd. & Aly. 77， Ln. 100， FuLin Rd. Intersection,1,2025-10-25 18:31:29,2025-10-25 18:31:52,2025-10-25 15:52:01,2025-10-25,15,7,25.09601,121.53262,8,2025-10-25 10:32:51.141129,10,5,1,2025-10-25,0.4666666666666667
500104131,YouBike2.0_重慶北路四段190巷口(通河西街側),士林區,2025-10-25 16:50:04,通河西街一段92號對側,Shilin Dist,YouBike2.0_Ln. 190， Sec. 4， ChongQing N. Rd. (TongHe W. St.),No. 92， Sec. 1， TongHe W. St.,1,2025-10-25 18:31:29,2025-10-25 18:31:52,2025-10-25 16:50:04,2025-10-25,16,6,25.0848,121.51253,9,2025-10-25 10:32:51.141129,10,5,1,2025-10-25,0.375
500104132,YouBike2.0_承德區民活動中心,士林區,2025-10-25 17:20:02,承德路四段5-1號(前),Shilin Dist,YouBike2.0_ChengDe Community Activity Center,No. 5-1， Sec. 4， ChengDe Rd.,1,2025-10-25 18:31:29,2025-10-25 18:31:52,2025-10-25 17:20:02,2025-10-25,25,16,25.07892,121.52157,9,2025-10-25 10:32:51.141129,10,5,1,2025-10-25,0.64
500104133,YouBike2.0_福林路255巷口,士林區,2025-10-25 14:50:04,福林路255巷口,Shilin Dist,YouBike2.0_Ln. 255， FuLin Rd.,福林路259號(前),1,2025-10-25 18:31:29,2025-10-25 18:31:52,2025-10-25 14:50:04,2025-10-25,18,12,25.09854,121.53528,4,2025-10-25 10:32:51.141129,10,5,1,2025-10-25,0.6666666666666666
500104134,YouBike2.0_中山北路五段378巷口,士林區,2025-10-25 16:10:03,中山北路五段380號(前),Shilin Dist,YouBike2.0_Ln. 378， Sec. 5， ZhongShan N. Rd.,No. 380， Sec. 5， ZhongShan N. Rd.,1,2025-10-25 18:31:29,2025-10-25 18:31:52,2025-10-25 16:10:03,2025-10-25,27,5,25.09064,121.52765,21,2025-10-25 10:32:51.141129,10,5,1,2025-10-25,0.18518518518518517
500104135,YouBike2.0_中山北路六段405巷,士林區,2025-10-25 14:40:03,中山北路六段405巷60-3號(前),Shilin Dist,YouBike2.0_Ln. 405， Sec. 6， ZhongShan N. Rd.,No. 60-3， Ln. 405， Sec. 6， ZhongShan N. Rd.,1,2025-10-25 18:31:29,2025-10-25 18:31:52,2025-10-25 14:40:03,2025-10-25,21,7,25.11576,121.52693,12,2025-10-25 10:32:51.141129,10,5,1,2025-10-25,0.3333333333333333
500104136,YouBike2.0_圓山育樂中心,士林區,2025-10-25 12:10:03,中山北路五段6號(前),Shilin Dist,YouBike2.0_YSSC YuanShan Sport Club,No. 6， Sec. 5， ZhongShan N. Rd.,1,2025-10-25 18:31:29,2025-10-25 18:31:52,2025-10-25 12:10:03,2025-10-25,22,13,25.08248,121.52548,9,2025-10-25 10:32:51.141129,10,5,1,2025-10-25,0.5909090909090909
500104137,YouBike2.0_至善公園,士林區,2025-10-25 14:34:02,至善路/福林路254巷(北側),Shilin Dist,YouBike2.0_ZhiShan Park,Zhishan Rd. & Ln. 254， FuLin Rd. Intersection (North),1,2025-10-25 18:31:29,2025-10-25 18:31:52,2025-10-25 14:34:02,2025-10-25,25,7,25.09862,121.53749,18,2025-10-25 10:32:51.141129,10,5,1,2025-10-25,0.28
500104138,YouBike2.0_社子島抽水站,士林區,2025-10-25 11:41:02,延平北路七段106巷353號前,Shilin Dist,YouBike2.0_Shezidao Pumping Station,No. 353， Ln. 106， Sec. 7， YanPing N. Rd.,1,2025-10-25 18:31:29,2025-10-25 18:31:52,2025-10-25 11:41:02,2025-10-25,15,8,25.10844,121.49552,7,2025-10-25 10:32:51.141129,10,5,1,2025-10-25,0.5333333333333333
500104139,YouBike2.0_中山北路六段427巷口,士林區,2025-10-25 15:52:01,中山北路六段423號(前),Shilin Dist,YouBike2.0_Ln. 427， Sec. 6， ZhongShan N. Rd.,No. 423， Sec. 6， ZhongShan N. Rd. Intersection,1,2025-10-25 18:31:29,2025-10-25 18:31:52,2025-10-25 15:52:01,2025-10-25,10,3,25.11383,121.52698,6,2025-10-25 10:32:51.141129,10,5,1,2025-10-25,0.3
500104140,YouBike2.0_士林分局,士林區,2025-10-25 17:30:03,文林路235號(旁),Shilin Dist,YouBike2.0_Shilin Precinct,No. 235， WenLin Rd.,1,2025-10-25 18:31:29,2025-10-25 18:31:52,2025-10-25 17:30:03,2025-10-25,24,4,25.09033,121.52687,20,2025-10-25 10:32:51.141129,10,5,1,2025-10-25,0.16666666666666666
500104141,YouBike2.0_忠誠路二段98巷口,士林區,2025-10-25 17:50:02,忠誠路二段96號(前),Shilin Dist,YouBike2.0_Ln. 98， Sec. 2， ZhongCheng Rd.,No. 96， Sec. 2， ZhongCheng Rd.,1,2025-10-25 18:31:29,2025-10-25 18:31:52,2025-10-25 17:50:02,2025-10-25,24,7,25.113,121.53128,15,2025-10-25 10:32:51.141129,10,5,1,2025-10-25,0.2916666666666667
500104142,YouBike2.0_東吳大學,士林區,2025-10-25 16:30:04,臨溪路70號,Shilin Dist,YouBike2.0_Soochow University,No. 70， LinXi Rd.,1,2025-10-25 18:31:29,2025-10-25 18:31:52,2025-10-25 16:30:04,2025-10-25,22,7,25.095,121.54521,14,2025-10-25 10:32:51.141129,10,5,1,2025-10-25,0.3181818181818182
500104143,YouBike2.0_福志公園,士林區,2025-10-25 12:50:03,雨農路100巷20號旁,Shilin Dist,YouBike2.0_Fuzhi Park,No. 20， Ln. 100， YunOng Rd.,1,2025-10-25 18:31:29,2025-10-25 18:31:52,2025-10-25 12:50:03,2025-10-25,22,15,25.10022,121.53438,7,2025-10-25 10:32:51.141129,10,5,1,2025-10-25,0.6818181818181818
500104144,YouBike2.0_德行東路331巷口,士林區,2025-10-25 18:30:03,德行東路331巷6號前,Shilin Dist,YouBike2.0_Ln. 331， DeXng E. Rd.,No. 6， Ln. 331， DeXng E. Rd.,1,2025-10-25 18:31:29,2025-10-25 18:31:52,2025-10-25 18:30:03,2025-10-25,14,3,25.1106,121.53759,10,2025-10-25 10:32:51.141129,10,5,1,2025-10-25,0.21428571428571427
500104145,YouBike2.0_天母北路87巷9弄,士林區,2025-10-25 08:47:03,天母北路87巷9弄5號,Shilin Dist,YouBike2.0_Aly. 9， Ln. 87， TianMu N. Rd.,No. 5， Aly. 9， Ln. 87， TianMu N. Rd.,1,2025-10-25 18:31:29,2025-10-25 18:31:52,2025-10-25 08:47:03,2025-10-25,20,9,25.12207,121.52731,11,2025-10-25 10:32:51.141129,10,5,1,2025-10-25,0.45
500104146,YouBike2.0_重慶北路四段108號(通河西街測),士林區,2025-10-25 16:00:02,重慶北路四段108號,Shilin Dist,YouBike2.0_No. 108， Sec. 4， ChongQing N. Rd. (TongHe W. St.),No. 108， Sec. 4， ChongQing N. Rd.,1,2025-10-25 18:31:29,2025-10-25 18:31:52,2025-10-25 16:00:02,2025-10-25,17,4,25.08294,121.51293,13,2025-10-25 10:32:51.141129,10,5,1,2025-10-25,0.23529411764705882
500104147,YouBike2.0_臺灣戲曲中心(文林德行西路口),士林區,2025-10-25 17:10:03,文林路/德行西路口(西南側),Shilin Dist,YouBike2.0_Taiwan Traditional Theatre Center (WenLin Rd. & DeXing W. Rd. Intersection),WenLin Rd. & DeXing W. Rd. Intersection (Southwest),1,2025-10-25 18:31:29,2025-10-25 18:31:52,2025-10-25 17:10:03,2025-10-25,27,5,25.10288,121.5197,21,2025-10-25 10:32:51.141129,10,5,1,2025-10-25,0.18518518518518517
500105001,YouBike2.0_台北花木批發市場,文山區,2025-10-25 17:40:03,萬盛街/興隆路一段(西北側),Wenshan Dist,YouBike2.0_Taipei Pot Plant Market,Wancheng St. & Sec. 1， Xinrong Rd. (Northwest),1,2025-10-25 18:31:29,2025-10-25 18:31:52,2025-10-25 17:40:03,2025-10-25,40,3,25.00402,121.54074,37,2025-10-25 10:32:51.141129,10,5,1,2025-10-25,0.075
500105002,YouBike2.0_捷運萬隆站(4號出口),文山區,2025-10-25 16:50:04,羅斯福路5段210號(前),Wenshan Dist,YouBike2.0_MRT Wanlong Sta. (Exit 4),No. 210， Sec. 5， Roosevelt Rd.,1,2025-10-25 18:31:29,2025-10-25 18:31:52,2025-10-25 16:50:04,2025-10-25,22,3,25.0027,121.53861,19,2025-10-25 10:32:51.141129,10,5,1,2025-10-25,0.13636363636363635
500105003,YouBike2.0_捷運萬隆站(1號出口),文山區,2025-10-25 18:23:16,羅斯福路五段250號(前),Wenshan Dist,YouBike2.0_MRT Wanlong Sta. (Exit 1),No. 250， Sec. 5， Roosevelt Rd.,1,2025-10-25 18:31:29,2025-10-25 18:31:52,2025-10-25 18:23:16,2025-10-25,34,1,25.00115,121.53916,33,2025-10-25 10:32:51.141129,10,5,1,2025-10-25,0.029411764705882353
500105004,YouBike2.0_萬和二號公園,文山區,2025-10-25 16:50:04,萬隆街255號(對面),Wenshan Dist,YouBike2.0_Wanhe 2nd Park,No. 255， Wanlong St.,1,2025-10-25 18:31:29,2025-10-25 18:31:52,2025-10-25 16:50:04,2025-10-25,35,7,25.00154,121.5364,27,2025-10-25 10:32:51.141129,10,5,1,2025-10-25,0.2
500105005,YouBike2.0_捷運萬隆站(2號出口),文山區,2025-10-25 17:40:03,興隆路一段70巷/羅斯福路5段211巷26弄口,Wenshan Dist,YouBike2.0_MRT Wanlong Sta. (Exit 2),Ln. 70， Sec. 1， Xinrong Rd. & Aly. 26， Ln. 211， Sec. 5， Roosevelt Rd.,1,2025-10-25 18:31:29,2025-10-25 18:31:52,2025-10-25 17:40:03,2025-10-25,18,12,25.00144,121.53983,6,2025-10-25 10:32:51.141129,10,5,1,2025-10-25,0.6666666666666666
500105006,YouBike2.0_景仁公園,文山區,2025-10-25 18:16:16,羅斯福路六段142巷1號(旁),Wenshan Dist,YouBike2.0_Jingren Park,No. 1， Ln. 142， Sec. 6， Roosevelt Rd.,1,2025-10-25 18:31:29,2025-10-25 18:31:52,2025-10-25 18:16:16,2025-10-25,16,16,24.99621,121.54043,0,2025-10-25 10:32:51.141129,10,5,1,2025-10-25,1.0
500105007,YouBike2.0_捷運景美站(2號出口),文山區,2025-10-25 18:30:03,景文街1號(對面),Wenshan Dist,YouBike2.0_MRT Jingmei Sta. (Exit 2),No. 1， Jingwen St. (Opposite),1,2025-10-25 18:31:29,2025-10-25 18:31:52,2025-10-25 18:30:03,2025-10-25,87,56,24.99366,121.54124,31,2025-10-25 10:32:51.141129,10,5,1,2025-10-25,0.6436781609195402
500105008,YouBike2.0_羅斯福景隆街口,文山區,2025-10-25 16:20:04,羅斯福路六段/景隆街口(東南側),Wenshan Dist,YouBike2.0_Roosevelt Jinglong St. Intersection,Sec. 6， Roosevelt Rd. & Jinglong St. Intersection (Southeast),1,2025-10-25 18:31:29,2025-10-25 18:31:52,2025-10-25 16:20:04,2025-10-25,50,31,24.99898,121.5403,18,2025-10-25 10:32:51.141129,10,5,1,2025-10-25,0.62
500105009,YouBike2.0_景福街/羅斯福路6段142巷口,文山區,2025-10-25 17:50:02,景福街/羅斯福路6段142巷口,Wenshan Dist,YouBike2.0_Jingfu St & Ln. 142， Sec. 6， Roosevelt Rd Intersection,Jingfu St & Ln. 142， Sec. 6， Roosevelt Rd Intersection.,1,2025-10-25 18:31:29,2025-10-25 18:31:52,2025-10-25 17:50:02,2025-10-25,28,19,24.998336212959,121.53686287812,7,2025-10-25 10:32:51.141129,10,5,1,2025-10-25,0.6785714285714286
500105010,YouBike2.0_興旺公園,文山區,2025-10-25 18:30:03,福興路106巷28弄96號(對面),Wenshan Dist,YouBike2.0_Xingwang Park,No. 96， Aly. 28， Ln. 106， Fuxing Rd. (Opposite),1,2025-10-25 18:31:29,2025-10-25 18:31:52,2025-10-25 18:30:03,2025-10-25,30,9,25.00587,121.55012,19,2025-10-25 10:32:51.141129,10,5,1,2025-10-25,0.3
500105011,YouBike2.0_興福國中,文山區,2025-10-25 18:30:03,福興路95巷/福興路63巷4弄口,Wenshan Dist,YouBike2.0_Xing Fu Junior High School,Ln. 95， Fuxing Rd & Aly. 28， Ln. 63， Fuxing Rd. (Opposite),1,2025-10-25 18:31:29,2025-10-25 18:31:52,2025-10-25 18:30:03,2025-10-25,25,10,25.00465,121.54916,14,2025-10-25 10:32:51.141129,10,5,1,2025-10-25,0.4
500105012,YouBike2.0_興隆路2段203巷,文山區,2025-10-25 17:00:04,興隆路2段203巷108號(對面),Wenshan Dist,YouBike2.0_Ln. 203， Sec. 2， Xinglong Rd,No. 108， Ln. 203， Sec. 2， Xinglong Rd (Opposite),1,2025-10-25 18:31:29,2025-10-25 18:31:52,2025-10-25 17:00:04,2025-10-25,32,15,25.00346,121.54709,13,2025-10-25 10:32:51.141129,10,5,1,2025-10-25,0.46875
500105013,YouBike2.0_景美運動公園,文山區,2025-10-25 18:30:03,景豐街79號(旁公園),Wenshan Dist,YouBike2.0_Jingmei Sports Park,No. 79， Jingfeng St. (Side),1,2025-10-25 18:31:29,2025-10-25 18:31:52,2025-10-25 18:30:03,2025-10-25,26,8,25.00219,121.54454,16,2025-10-25 10:32:51.141129,10,5,1,2025-10-25,0.3076923076923077
500105014,YouBike2.0_景美醫院,文山區,2025-10-25 15:50:04,羅斯福路六段280號(前),Wenshan Dist,YouBike2.0_Jing Mei Hospital,No. 280， Sec. 6， Roosevelt Rd.,1,2025-10-25 18:31:29,2025-10-25 18:31:52,2025-10-25 15:50:04,2025-10-25,18,8,24.99136,121.54008,10,2025-10-25 10:32:51.141129,10,5,1,2025-10-25,0.4444444444444444
500105015,YouBike2.0_師範大學公館校區,文山區,2025-10-25 18:14:15,汀州路四段77號(旁),Wenshan Dist,YouBike2.0_National Taiwan Normal University Gongguan Campus,No. 77， Sec. 4， Tingzhou Rd.,1,2025-10-25 18:31:29,2025-10-25 18:31:52,2025-10-25 18:14:15,2025-10-25,14,1,25.00792,121.53731,13,2025-10-25 10:32:51.141129,10,5,1,2025-10-25,0.07142857142857142
500105016,YouBike2.0_景華街128巷口,文山區,2025-10-25 17:50:02,景華街124號(旁汽車格),Wenshan Dist,YouBike2.0_Ln 128， Jinghua St.,No. 124， Jinghua St.,1,2025-10-25 18:31:29,2025-10-25 18:31:52,2025-10-25 17:50:02,2025-10-25,29,9,24.99543,121.54725,19,2025-10-25 10:32:51.141129,10,5,1,2025-10-25,0.3103448275862069
500105017,YouBike2.0_仙跡岩登山口(景興路),文山區,2025-10-25 18:30:03,景興街239號(前),Wenshan Dist,YouBike2.0_Xianjiyan Trailhead (Jingxing Rd.),No. 239， Jingxing Rd.,1,2025-10-25 18:31:29,2025-10-25 18:31:52,2025-10-25 18:30:03,2025-10-25,22,8,24.99118,121.5436,14,2025-10-25 10:32:51.141129,10,5,1,2025-10-25,0.36363636363636365
500105018,YouBike2.0_國立政治大學,文山區,2025-10-25 16:40:02,指南路二段153號(對面),Wenshan Dist,YouBike2.0_National Chengchi University,No. 153， Sec. 2， Zhinan Rd. (Opposite),1,2025-10-25 18:31:29,2025-10-25 18:31:52,2025-10-25 16:40:02,2025-10-25,62,43,24.98737,121.57726,18,2025-10-25 10:32:51.141129,10,5,1,2025-10-25,0.6935483870967742
500105019,YouBike2.0_捷運動物園站,文山區,2025-10-25 16:30:04,新光路二段30號(對面),Wenshan Dist,YouBike2.0_MRT Taipei Zoo Sta.,No. 30， Sec. 2， Xinguang Rd. (Opposite),1,2025-10-25 18:31:29,2025-10-25 18:31:52,2025-10-25 16:30:04,2025-10-25,57,10,24.99873,121.57985,47,2025-10-25 10:32:51.141129,10,5,1,2025-10-25,0.17543859649122806
500105020,YouBike2.0_捷運木柵站,文山區,2025-10-25 15:52:01,木柵路四段82巷18號前(捷運橋樑下),Wenshan Dist,YouBike2.0_MRT Muzha Sta.,No. 18， Ln. 82， Sec. 4， Muzha Rd. (Under The MRT Bridge),1,2025-10-25 18:31:29,2025-10-25 18:31:52,2025-10-25 15:52:01,2025-10-25,46,26,24.99798,121.57455,20,2025-10-25 10:32:51.141129,10,5,1,2025-10-25,0.5652173913043478
500105021,YouBike2.0_捷運萬芳社區站,文山區,2025-10-25 15:52:01,萬芳路60號(西側廣場),Wenshan Dist,YouBike2.0_MRT Wanfang Community Sta.,No. 60， Wanfang Rd. (West),1,2025-10-25 18:31:29,2025-10-25 18:31:52,2025-10-25 15:52:01,2025-10-25,48,15,24.99886,121.56769,33,2025-10-25 10:32:51.141129,10,5,1,2025-10-25,0.3125
500105022,YouBike2.0_文山運動中心,文山區,2025-10-25 17:10:03,興隆路三段/興隆路三段192巷8弄,Wenshan Dist,YouBike2.0_Wen Shan Sports Center,Sec. 3， Xinglong Rd./Aly. 8， Ln. 192， Sec. 3， Xinglong Rd.,1,2025-10-25 18:31:29,2025-10-25 18:31:52,2025-10-25 17:10:03,2025-10-25,36,18,24.99676,121.5596,18,2025-10-25 10:32:51.141129,10,5,1,2025-10-25,0.5
500105023,YouBike2.0_捷運辛亥站,文山區,2025-10-25 18:30:03,辛亥路四段114號(旁人行道),Wenshan Dist,YouBike2.0_MRT Xinhai Sta.,No. 114， Sec. 4， Xinhai Rd.,1,2025-10-25 18:31:29,2025-10-25 18:31:52,2025-10-25 18:30:03,2025-10-25,42,20,25.00467,121.55684,22,2025-10-25 10:32:51.141129,10,5,1,2025-10-25,0.47619047619047616
500105024,YouBike2.0_興豐公園,文山區,2025-10-25 17:50:02,興隆路二段123巷/興隆路二段(西北側),Wenshan Dist,YouBike2.0_Xingfeng Park,Ln. 123， Sec. 2， Xinglong Rd./Sec. 2， Xinglong Rd. (Northwest),1,2025-10-25 18:31:29,2025-10-25 18:31:52,2025-10-25 17:50:02,2025-10-25,36,5,24.99982,121.54761,31,2025-10-25 10:32:51.141129,10,5,1,2025-10-25,0.1388888888888889
500105025,YouBike2.0_木柵光輝路口,文山區,2025-10-25 16:40:02,木柵路一段290號(旁),Wenshan Dist,YouBike2.0_Muzha Rd. & Guanghui Rd. Intersection,No. 290， Sec. 1， Muzha Rd.,1,2025-10-25 18:31:29,2025-10-25 18:31:52,2025-10-25 16:40:02,2025-10-25,33,10,24.98816,121.55528,22,2025-10-25 10:32:51.141129,10,5,1,2025-10-25,0.30303030303030304
500105026,YouBike2.0_考試院,文山區,2025-10-25 15:40:02,試院路(雙號)/木柵路一段(東北側),Wenshan Dist,YouBike2.0_Examination Yuan,Shiyuan Rd.(Double number)/ Sec. 1， Muzha Rd. (Northeast),1,2025-10-25 18:31:29,2025-10-25 18:31:52,2025-10-25 15:40:02,2025-10-25,39,25,24.98747,121.54984,13,2025-10-25 10:32:51.141129,10,5,1,2025-10-25,0.6410256410256411
500105027,YouBike2.0_和興路26巷口,文山區,2025-10-25 16:30:04,和興路44巷 / 和興路26巷口,Wenshan Dist,YouBike2.0_No. 26， Hexing St. Intersection,No. 44， Hexing St./No. 26， Hexing St. Intersection,1,2025-10-25 18:31:29,2025-10-25 18:31:52,2025-10-25 16:30:04,2025-10-25,39,18,24.98573,121.54532,20,2025-10-25 10:32:51.141129,10,5,1,2025-10-25,0.46153846153846156
500105028,YouBike2.0_世新大學,文山區,2025-10-25 17:30:03,木柵路一段17巷1號(西側),Wenshan Dist,YouBike2.0_Shih Hsin University,No. 1， Ln. 17， Sec. 1， Muzha Rd. (West),1,2025-10-25 18:31:29,2025-10-25 18:31:52,2025-10-25 17:30:03,2025-10-25,44,19,24.98859,121.54336,25,2025-10-25 10:32:51.141129,10,5,1,2025-10-25,0.4318181818181818
500105029,YouBike2.0_一壽橋,文山區,2025-10-25 11:38:02,樟新街64號前方,Wenshan Dist,YouBike2.0_Yishou Bridge,No. 64， Zhangxin St.,1,2025-10-25 18:31:29,2025-10-25 18:31:52,2025-10-25 11:38:02,2025-10-25,28,14,24.97837,121.55548,13,2025-10-25 10:32:51.141129,10,5,1,2025-10-25,0.5
500105030,YouBike2.0_臺北市立景美女中,文山區,2025-10-25 15:40:02,木新路三段/一壽街(西北側),Wenshan Dist,YouBike2.0_Jingmei Girls High School,Sec. 3， Muxin Rd./Yishou St. (Northwest),1,2025-10-25 18:31:29,2025-10-25 18:31:52,2025-10-25 15:40:02,2025-10-25,25,6,24.98058,121.55624,19,2025-10-25 10:32:51.141129,10,5,1,2025-10-25,0.24
500105031,YouBike2.0_永安藝文館_表演36房,文山區,2025-10-25 17:00:04,木新路二段156號前人行道(永安市場),Wenshan Dist,YouBike2.0_Performing Arts School 36,No. 156， Sec. 2， Muxin Rd. (Yongan Market),1,2025-10-25 18:31:29,2025-10-25 18:31:52,2025-10-25 17:00:04,2025-10-25,29,19,24.98414,121.56907,10,2025-10-25 10:32:51.141129,10,5,1,2025-10-25,0.6551724137931034
500105032,YouBike2.0_忠順區民活動中心,文山區,2025-10-25 16:30:04,忠順街二段22號前方人行道(忠順區民活動中心),Wenshan Dist,YouBike2.0_Zhongshun Community Center,No. 22， Sec. 2， Zhongshun St.,1,2025-10-25 18:31:29,2025-10-25 18:31:52,2025-10-25 16:30:04,2025-10-25,34,17,24.98471,121.56332,17,2025-10-25 10:32:51.141129,10,5,1,2025-10-25,0.5
500105033,YouBike2.0_景文中學,文山區,2025-10-25 17:10:03,保儀路/木柵路三段102巷口(西南側),Wenshan Dist,YouBike2.0_Jingwen Bilingual High School,Baoyi Rd./Ln. 102， Sec. 3， Muxin Rd. Intersection (Southwest),1,2025-10-25 18:31:29,2025-10-25 18:31:52,2025-10-25 17:10:03,2025-10-25,36,11,24.98574,121.56745,25,2025-10-25 10:32:51.141129,10,5,1,2025-10-25,0.3055555555555556
500105034,YouBike2.0_老泉街籃球場,文山區,2025-10-25 10:50:03,老泉街26巷老泉街口(籃球場前),Wenshan Dist,YouBike2.0_Laoquan St. Basketball Court,Ln. 26， Laoquan St. Intersection,1,2025-10-25 18:31:29,2025-10-25 18:31:52,2025-10-25 10:50:03,2025-10-25,20,7,24.97619,121.5583,13,2025-10-25 10:32:51.141129,10,5,1,2025-10-25,0.35
500105035,YouBike2.0_文山行政中心,文山區,2025-10-25 15:48:01,木柵路三段220號(前),Wenshan Dist,YouBike2.0_Wenshan District Admin. Center,No. 220， Sec. 3， Muzha Rd.,1,2025-10-25 18:31:29,2025-10-25 18:31:52,2025-10-25 15:48:01,2025-10-25,40,5,24.98959,121.56959,35,2025-10-25 10:32:51.141129,10,5,1,2025-10-25,0.125
500105036,YouBike2.0_木柵公園,文山區,2025-10-25 09:10:03,興隆路四段50號(前),Wenshan Dist,YouBike2.0_Muzha Park,No. 50， Sec. 4， Xinglong Rd.,1,2025-10-25 18:31:29,2025-10-25 18:31:52,2025-10-25 09:10:03,2025-10-25,38,22,24.98718,121.56059,16,2025-10-25 10:32:51.141129,10,5,1,2025-10-25,0.5789473684210527
500105037,YouBike2.0_興隆公共住宅D2區,文山區,2025-10-25 15:37:02,興隆路四段105巷49號(旁),Wenshan Dist,YouBike2.0_Xinglong Public Housing (D2),No. 49， Ln. 105， Sec. 4， Xinglong Rd.,1,2025-10-25 18:31:29,2025-10-25 18:31:52,2025-10-25 15:37:02,2025-10-25,27,8,24.98814,121.56356,19,2025-10-25 10:32:51.141129,10,5,1,2025-10-25,0.2962962962962963
500105038,YouBike2.0_木新路3段95巷口,文山區,2025-10-25 17:00:04,木新路三段95巷30號(對面),Wenshan Dist,YouBike2.0_Ln. 95， Sec. 3， Muxin Rd. Intersection,No. 30， Ln. 95， Sec. 3， Muxin Rd. (Opposite),1,2025-10-25 18:31:29,2025-10-25 18:31:52,2025-10-25 17:00:04,2025-10-25,24,6,24.98088,121.56313,18,2025-10-25 10:32:51.141129,10,5,1,2025-10-25,0.25
500105039,YouBike2.0_樟腳里公園,文山區,2025-10-25 17:50:02,木新路二段299巷15號(旁),Wenshan Dist,YouBike2.0_Zhangjiaoli Park,No. 15， Ln. 299， Sec. 2， Muxin Rd. (Opposite),1,2025-10-25 18:31:29,2025-10-25 18:31:52,2025-10-25 17:50:02,2025-10-25,15,8,24.98181,121.56567,7,2025-10-25 10:32:51.141129,10,5,1,2025-10-25,0.5333333333333333
500105040,YouBike2.0_實踐國中,文山區,2025-10-25 16:47:02,忠順街一段2號(旁),Wenshan Dist,YouBike2.0_Shijian Junior High School,No. 2， Sec. 1， Zhongshun St.,1,2025-10-25 18:31:29,2025-10-25 18:31:52,2025-10-25 16:47:02,2025-10-25,13,5,24.98301,121.55404,8,2025-10-25 10:32:51.141129,10,5,1,2025-10-25,0.38461538461538464
500105041,YouBike2.0_指南路3段2巷,文山區,2025-10-25 06:44:03,指南路三段4號(旁),Wenshan Dist,YouBike2.0_Ln. 2， Sec. 3， Zhinan Rd.,No. 4， Sec. 3， Zhinan Rd.,1,2025-10-25 18:31:29,2025-10-25 18:31:52,2025-10-25 06:44:03,2025-10-25,13,7,24.98537,121.57959,6,2025-10-25 10:32:51.141129,10,5,1,2025-10-25,0.5384615384615384
500105042,YouBike2.0_萊茵公園,文山區,2025-10-25 17:10:03,忠順街二段87巷25弄29號,Wenshan Dist,YouBike2.0_Laiyin Park,No. 29， Aly. 25， Ln. 87， Sec. 2， Zhongshun St.,1,2025-10-25 18:31:29,2025-10-25 18:31:52,2025-10-25 17:10:03,2025-10-25,21,9,24.98642,121.56514,12,2025-10-25 10:32:51.141129,10,5,1,2025-10-25,0.42857142857142855
500105043,YouBike2.0_木柵社會住宅,文山區,2025-10-25 11:54:03,久康街24巷46號對側,Wenshan Dist,YouBike2.0_Muzha Social Housing,No. 46， Ln. 24， Jiukang St. (Opposite),1,2025-10-25 18:31:29,2025-10-25 18:31:52,2025-10-25 11:54:03,2025-10-25,12,9,24.98935,121.56651,3,2025-10-25 10:32:51.141129,10,5,1,2025-10-25,0.75
500105044,YouBike2.0_秀明路一段185巷口,文山區,2025-10-25 11:01:02,秀明路一段與秀明路一段185巷口,Wenshan Dist,YouBike2.0_Ln. 185， Sec. 1， Xiuming Rd. Intersection,Sec. 1， Xiuming Rd. & Ln. 185， Sec. 1， Xiuming Rd. Intersection,1,2025-10-25 18:31:29,2025-10-25 18:31:52,2025-10-25 11:01:02,2025-10-25,20,4,24.99151,121.56836,16,2025-10-25 10:32:51.141129,10,5,1,2025-10-25,0.2
500105045,YouBike2.0_秀明路一段129巷口,文山區,2025-10-25 00:41:03,秀明路一段129巷與秀明路一段路口,Wenshan Dist,YouBike2.0_Ln. 129， Sec. 1， Xiuming Rd. Intersection,Ln. 129， Sec. 1， Xiuming Rd. & Sec. 1， Xiuming Rd. Intersection,1,2025-10-25 18:31:29,2025-10-25 18:31:52,2025-10-25 00:41:03,2025-10-25,22,10,24.99111,121.56703,12,2025-10-25 10:32:51.141129,10,5,1,2025-10-25,0.45454545454545453
500105046,YouBike2.0_恆光橋(老泉街),文山區,2025-10-25 15:50:04,老泉街/恆光街口,Wenshan Dist,YouBike2.0_Hengguang Bridge (Laoquan St.),Laoquan St. & Hengguang St. Intersection,1,2025-10-25 18:31:29,2025-10-25 18:31:52,2025-10-25 15:50:04,2025-10-25,13,4,24.97989,121.56753,9,2025-10-25 10:32:51.141129,10,5,1,2025-10-25,0.3076923076923077
500105047,YouBike2.0_萬有3號公園,文山區,2025-10-25 17:42:16,景隆街105號(對面),Wenshan Dist,YouBike2.0_Wan You NO.3 Park,No. 105， Jinglong St. (Opposite),1,2025-10-25 18:31:29,2025-10-25 18:31:52,2025-10-25 17:42:16,2025-10-25,14,4,24.99889,121.5433,9,2025-10-25 10:32:51.141129,10,5,1,2025-10-25,0.2857142857142857
500105048,YouBike2.0_捷運萬芳醫院站(興隆路三段115巷),文山區,2025-10-25 17:20:02,興隆路三段115巷2號,Wenshan Dist,YouBike2.0_MRT Wanfang Hospital Sta. (Ln. 115， Sec. 3， Xinglong Rd.),No. 2， Ln. 115， Sec. 3， Xinglong Rd.,1,2025-10-25 18:31:29,2025-10-25 18:31:52,2025-10-25 17:20:02,2025-10-25,20,16,24.99939,121.55848,4,2025-10-25 10:32:51.141129,10,5,1,2025-10-25,0.8
500105049,YouBike2.0_興得閱覽室,文山區,2025-10-25 15:48:01,興隆路三段304巷145號,Wenshan Dist,YouBike2.0_Xingde Reading Room,No. 145， Ln. 304， Sec. 3， Xinglong Rd.,1,2025-10-25 18:31:29,2025-10-25 18:31:52,2025-10-25 15:48:01,2025-10-25,24,14,24.99579,121.55498,10,2025-10-25 10:32:51.141129,10,5,1,2025-10-25,0.5833333333333334
500105050,YouBike2.0_辛亥生態公園,文山區,2025-10-25 08:37:03,辛亥路四段199號,Wenshan Dist,YouBike2.0_Xinhai Ecological Park,No. 199， Sec. 4， Xinhai Rd.,1,2025-10-25 18:31:29,2025-10-25 18:31:52,2025-10-25 08:37:03,2025-10-25,23,10,25.00348,121.55642,13,2025-10-25 10:32:51.141129,10,5,1,2025-10-25,0.43478260869565216
500105051,YouBike2.0_博嘉運動公園,文山區,2025-10-25 07:32:03,木柵路四段159巷16號,Wenshan Dist,YouBike2.0_Bo Jia Sports Park,No. 16， Ln. 159， Sec. 4， Muzha Rd.,1,2025-10-25 18:31:29,2025-10-25 18:31:52,2025-10-25 07:32:03,2025-10-25,12,4,25.00079,121.57534,7,2025-10-25 10:32:51.141129,10,5,1,2025-10-25,0.3333333333333333
500105053,YouBike2.0_仙岩公園,文山區,2025-10-25 14:44:02,仙岩路16巷37號旁,Wenshan Dist,YouBike2.0_Sian Yan Park,No. 37， Ln. 16， Xianyan Rd.,1,2025-10-25 18:31:29,2025-10-25 18:31:52,2025-10-25 14:44:02,2025-10-25,20,15,24.99797,121.54982,5,2025-10-25 10:32:51.141129,10,5,1,2025-10-25,0.75
500105054,YouBike2.0_政大一街口,文山區,2025-10-25 15:30:02,政大一街19號對側,Wenshan Dist,YouBike2.0_Zhengda 1st St.,No. 19， Zhengda 1st St. (Opposite),1,2025-10-25 18:31:29,2025-10-25 18:31:52,2025-10-25 15:30:02,2025-10-25,14,5,24.98543,121.58006,9,2025-10-25 10:32:51.141129,10,5,1,2025-10-25,0.35714285714285715
500105055,YouBike2.0_文山第二行政中心,文山區,2025-10-25 16:40:02,興隆路二段160-1號前,Wenshan Dist,YouBike2.0_Wenshan 2nd District Office,No. 160-1， Sec. 2， Xinglong Rd.,1,2025-10-25 18:31:29,2025-10-25 18:31:52,2025-10-25 16:40:02,2025-10-25,38,11,25.00115,121.55142,27,2025-10-25 10:32:51.141129,10,5,1,2025-10-25,0.2894736842105263
500105056,YouBike2.0_移民署訓練中心,文山區,2025-10-25 15:30:02,興隆路三段306號,Wenshan Dist,YouBike2.0_National Immigration Agency Training Center,No. 306， Sec. 3， Xinglong Rd.,1,2025-10-25 18:31:29,2025-10-25 18:31:52,2025-10-25 15:30:02,2025-10-25,13,6,24.99271,121.55865,7,2025-10-25 10:32:51.141129,10,5,1,2025-10-25,0.46153846153846156
500105057,YouBike2.0_海巡署(南側),文山區,2025-10-25 16:30:04,興隆路三段211號對側(公車亭後),Wenshan Dist,YouBike2.0_Coast Guard Administration (South),No. 211， Sec. 3， Xinglong Rd. (Opposite),1,2025-10-25 18:31:29,2025-10-25 18:31:52,2025-10-25 16:30:04,2025-10-25,10,4,24.99472,121.55949,6,2025-10-25 10:32:51.141129,10,5,1,2025-10-25,0.4
500105058,YouBike2.0_明道國小東南側,文山區,2025-10-25 05:40:04,興隆路四段109巷116號對側,Wenshan Dist,YouBike2.0_Ming Dao Elementary School (Southeast),No. 116， Ln. 109， Sec. 4， Muzha Rd.,1,2025-10-25 18:31:29,2025-10-25 18:31:52,2025-10-25 05:40:04,2025-10-25,28,4,24.98695,121.56456,24,2025-10-25 10:32:51.141129,10,5,1,2025-10-25,0.14285714285714285
500105059,YouBike2.0_木南公園,文山區,2025-10-25 18:06:16,木新路二段永安街22巷口,Wenshan Dist,YouBike2.0_Mu Nan Park,Sec. 2， Muxin Rd. & Ln. 22， Yong'an St. Intersection,1,2025-10-25 18:31:29,2025-10-25 18:31:52,2025-10-25 18:06:16,2025-10-25,17,2,24.98662,121.57071,15,2025-10-25 10:32:51.141129,10,5,1,2025-10-25,0.11764705882352941
500105060,YouBike2.0_實踐國中(木新路三段310巷口),文山區,2025-10-25 15:43:01,忠順街一段木新路三段310巷口,Wenshan Dist,YouBike2.0_Shijian Junior High School (Ln. 310， Sec. 3， Muxin Rd.),Sec. 1， Zhongshun St. & Ln. 310， Sec. 3， Muxin Rd. Intersection,1,2025-10-25 18:31:29,2025-10-25 18:31:52,2025-10-25 15:43:01,2025-10-25,17,11,24.98339,121.55645,6,2025-10-25 10:32:51.141129,10,5,1,2025-10-25,0.6470588235294118
500105061,YouBike2.0_師範大學公館校區_1,文山區,2025-10-25 18:30:03,師大公館校區校門口(汀州路側),Wenshan Dist,YouBike2.0_National Taiwan Normal University Gongguan Campus_1,National Taiwan Normal University Gongguan Campus (Tingzhou Rd.),1,2025-10-25 18:31:29,2025-10-25 18:31:52,2025-10-25 18:30:03,2025-10-25,34,6,25.00753,121.53719,27,2025-10-25 10:32:51.141129,10,5,1,2025-10-25,0.17647058823529413
500105063,YouBike2.0_政大水岸電梯,文山區,2025-10-25 18:26:16,政治大學水岸電梯旁,Wenshan Dist,YouBike2.0_Waterfront Elevator,NCCU College of Waterfront Elevator,1,2025-10-25 18:31:29,2025-10-25 18:31:52,2025-10-25 18:26:16,2025-10-25,10,10,24.982,121.5717,0,2025-10-25 10:32:51.141129,10,5,1,2025-10-25,1.0
500105064,YouBike2.0_敦南山林,文山區,2025-10-25 15:09:16,木柵路四段159巷16弄(社區出入口對側),Wenshan Dist,YouBike2.0_Dunnan Forest,Aly. 16， Ln. 159， Sec. 4， Muzha Rd.,1,2025-10-25 18:31:29,2025-10-25 18:31:52,2025-10-25 15:09:16,2025-10-25,14,6,25.00264,121.5768,8,2025-10-25 10:32:51.141129,10,5,1,2025-10-25,0.42857142857142855
500105066,YouBike2.0_景美污水抽水站,文山區,2025-10-25 17:30:03,汀州路四段10號北側人行道,Wenshan Dist,YouBike2.0_Jingmei Pumping Station,No. 10， Sec. 4， Tingzhou Rd. (North),1,2025-10-25 18:31:29,2025-10-25 18:31:52,2025-10-25 17:30:03,2025-10-25,15,10,25.01076,121.53637,5,2025-10-25 10:32:51.141129,10,5,1,2025-10-25,0.6666666666666666
500105067,YouBike2.0_萬和三號公園(北側),文山區,2025-10-25 16:40:02,溪洲街107巷(公園北側),Wenshan Dist,YouBike2.0_Wan He NO.3 Park,Ln. 107， Xizhou St.,1,2025-10-25 18:31:29,2025-10-25 18:31:52,2025-10-25 16:40:02,2025-10-25,35,8,25.00345,121.53636,27,2025-10-25 10:32:51.141129,10,5,1,2025-10-25,0.22857142857142856
500105068,YouBike2.0_景興國中,文山區,2025-10-25 17:40:03,三福街4巷與景興路46巷口,Wenshan Dist,YouBike2.0_Jing Xing Junior High School,Ln. 4， Sanfu St. & Ln. 46， Jingxing Rd. Intersection,1,2025-10-25 18:31:29,2025-10-25 18:31:52,2025-10-25 17:40:03,2025-10-25,10,5,24.99609,121.54284,5,2025-10-25 10:32:51.141129,10,5,1,2025-10-25,0.5
500105069,YouBike2.0_景仁公園_1,文山區,2025-10-25 13:26:02,景仁街 / 羅斯福路六段142巷口(北側),Wenshan Dist,YouBike2.0_Jingren Park_1,Jingren St. & Ln. 142， Sec. 6， Roosevelt Rd. Intersection (North),1,2025-10-25 18:31:29,2025-10-25 18:31:52,2025-10-25 13:26:02,2025-10-25,30,9,24.9966,121.5403,21,2025-10-25 10:32:51.141129,10,5,1,2025-10-25,0.3
500105070,YouBike2.0_師大公館校區學二舍,文山區,2025-10-25 18:30:03,臺灣師範大學學二舍西側人行道,Wenshan Dist,YouBike2.0_NTNU Gongguan Campus (Student Dorm 2),NTNU Gongguan Campus (Student Dorm 2),1,2025-10-25 18:31:29,2025-10-25 18:31:52,2025-10-25 18:30:03,2025-10-25,40,3,25.00825,121.53419,35,2025-10-25 10:32:51.141129,10,5,1,2025-10-25,0.075
500105071,YouBike2.0_景行公園,文山區,2025-10-25 18:30:03,景中街與景中街30巷口,Wenshan Dist,YouBike2.0_Jing Sing Park,Jingzhong St. & Ln. 30， Jingzhong St. Intersection,1,2025-10-25 18:31:29,2025-10-25 18:31:52,2025-10-25 18:30:03,2025-10-25,15,2,24.99279,121.54255,13,2025-10-25 10:32:51.141129,10,5,1,2025-10-25,0.13333333333333333
500105072,YouBike2.0_萬興國小,文山區,2025-10-25 09:30:03,秀明路二段114號公車亭旁,Wenshan Dist,YouBike2.0_WangXin Elementary School,No. 114， Sec. 2， Xiuming Rd.,1,2025-10-25 18:31:29,2025-10-25 18:31:52,2025-10-25 09:30:03,2025-10-25,25,9,24.98939,121.57682,16,2025-10-25 10:32:51.141129,10,5,1,2025-10-25,0.36
500105073,YouBike2.0_辛亥路四段77巷口,文山區,2025-10-25 16:00:02,辛亥路四段77巷口,Wenshan Dist,YouBike2.0_Ln. 77， Sec. 4， Xinhai Rd.,Ln. 77， Sec. 4， Xinhai Rd.,1,2025-10-25 18:31:29,2025-10-25 18:31:52,2025-10-25 16:00:02,2025-10-25,23,15,25.00743,121.55877,8,2025-10-25 10:32:51.141129,10,5,1,2025-10-25,0.6521739130434783
500105074,YouBike2.0_景興路42巷口,文山區,2025-10-25 17:02:15,景興路42巷與景興路口西南側,Wenshan Dist,YouBike2.0_Ln. 42， Jingxing Rd.,Ln. 42， Jingxing Rd. & Jingxing Rd. Intersection (Southwest),1,2025-10-25 18:31:29,2025-10-25 18:31:52,2025-10-25 17:02:15,2025-10-25,12,2,24.99696,121.54454,10,2025-10-25 10:32:51.141129,10,5,1,2025-10-25,0.16666666666666666
500105075,YouBike2.0_木柵路三段48巷,文山區,2025-10-25 15:43:01,木柵路三段48巷1弄口,Wenshan Dist,YouBike2.0_Ln. 48， Sec. 3， Muzha Rd.,Aly. 1， Ln. 48， Sec. 3， Muzha Rd.,1,2025-10-25 18:31:29,2025-10-25 18:31:52,2025-10-25 15:43:01,2025-10-25,15,9,24.98768,121.56565,6,2025-10-25 10:32:51.141129,10,5,1,2025-10-25,0.6
500105076,YouBike2.0_木柵路二段109巷,文山區,2025-10-25 17:00:04,木柵路二段109巷14號旁,Wenshan Dist,YouBike2.0_Ln. 109， Sec. 2， Muzha Rd.,No. 14， Ln. 109， Sec. 2， Muzha Rd.,1,2025-10-25 18:31:29,2025-10-25 18:31:52,2025-10-25 17:00:04,2025-10-25,15,4,24.98944,121.56195,11,2025-10-25 10:32:51.141129,10,5,1,2025-10-25,0.26666666666666666
500105077,YouBike2.0_試院公園,文山區,2025-10-25 17:00:04,木柵路一段59巷29號對側,Wenshan Dist,YouBike2.0_Shih Yuan Park,No. 29， Ln. 59， Sec. 1， Muzha Rd. (Opposite),1,2025-10-25 18:31:29,2025-10-25 18:31:52,2025-10-25 17:00:04,2025-10-25,15,7,24.98808,121.54723,6,2025-10-25 10:32:51.141129,10,5,1,2025-10-25,0.4666666666666667
500105079,YouBike2.0_樟樹公園,文山區,2025-10-25 17:40:03,忠順街一段26巷30弄1號對側,Wenshan Dist,YouBike2.0_Jhang Shu Park,No. 1， Aly. 30， Ln. 26， Sec. 1， Zhongshun St. (Opposite),1,2025-10-25 18:31:29,2025-10-25 18:31:52,2025-10-25 17:40:03,2025-10-25,15,6,24.9825,121.55949,9,2025-10-25 10:32:51.141129,10,5,1,2025-10-25,0.4
500105080,YouBike2.0_萬美萬安街口,文山區,2025-10-25 17:30:03,萬美街一段/萬安街口,Wenshan Dist,YouBike2.0_Wanmei St. & Wan'an St. Intersection,Sec. 1， Wanmei St. & Wan'an St. Intersection,1,2025-10-25 18:31:29,2025-10-25 18:31:52,2025-10-25 17:30:03,2025-10-25,25,12,25.00223,121.57039,13,2025-10-25 10:32:51.141129,10,5,1,2025-10-25,0.48
500105081,YouBike2.0_興隆路二段203巷(敦南),文山區,2025-10-25 15:52:01,興隆路二段203巷16號,Wenshan Dist,YouBike2.0_Ln. 203， Sec. 2， Xinglong Rd. (Dunnan),No. 16， Ln. 203， Sec. 2， Xinglong Rd.,1,2025-10-25 18:31:29,2025-10-25 18:31:52,2025-10-25 15:52:01,2025-10-25,27,10,25.00198,121.54856,16,2025-10-25 10:32:51.141129,10,5,1,2025-10-25,0.37037037037037035
500105082,YouBike2.0_新光秀明路口,文山區,2025-10-25 11:10:03,新光路一段145號前,Wenshan Dist,YouBike2.0_Xinguang Rd. & Xiuming Rd. Intersection,No. 145， Sec. 1， Xinguang Rd.,1,2025-10-25 18:31:29,2025-10-25 18:31:52,2025-10-25 11:10:03,2025-10-25,15,9,24.99197,121.57371,5,2025-10-25 10:32:51.141129,10,5,1,2025-10-25,0.6
500105083,YouBike2.0_光輝路134巷口,文山區,2025-10-25 17:30:03,光輝路140號對側,Wenshan Dist,YouBike2.0_Ln. 134， Guanghui Rd.,No. 140， Guanghui Rd. (Opposite),1,2025-10-25 18:31:29,2025-10-25 18:31:52,2025-10-25 17:30:03,2025-10-25,15,10,24.98532,121.55831,5,2025-10-25 10:32:51.141129,10,5,1,2025-10-25,0.6666666666666666
500105084,YouBike2.0_光輝公園,文山區,2025-10-25 16:47:02,光輝路7號後側,Wenshan Dist,YouBike2.0_Guang Huei Park,No. 7， Guanghui Rd. (Opposite),1,2025-10-25 18:31:29,2025-10-25 18:31:52,2025-10-25 16:47:02,2025-10-25,27,12,24.98655,121.5552,15,2025-10-25 10:32:51.141129,10,5,1,2025-10-25,0.4444444444444444
500105085,YouBike2.0_木新公園,文山區,2025-10-25 18:23:16,木新路三段278巷11號斜對面,Wenshan Dist,YouBike2.0_Mu Sin Park,No. 11， Ln. 278， Sec. 3， Muxin Rd. (Opposite),1,2025-10-25 18:31:29,2025-10-25 18:31:52,2025-10-25 18:23:16,2025-10-25,12,12,24.98217,121.55782,0,2025-10-25 10:32:51.141129,10,5,1,2025-10-25,1.0
500105086,YouBike2.0_興隆路二段275巷1弄口,文山區,2025-10-25 16:20:04,興隆路二段275巷1弄2號前,Wenshan Dist,YouBike2.0_Aly. 1， Ln. 275， Sec. 2， Xinglong Rd.,No. 2， Aly. 1， Ln. 275， Sec. 2， Xinglong Rd.,1,2025-10-25 18:31:29,2025-10-25 18:31:52,2025-10-25 16:20:04,2025-10-25,16,8,25.00268,121.55277,5,2025-10-25 10:32:51.141129,10,5,1,2025-10-25,0.5
500105087,YouBike2.0_中國科技大學,文山區,2025-10-25 18:30:03,興隆路三段56號,Wenshan Dist,YouBike2.0_China University of Technology,No. 56， Sec. 3， Xinglong Rd.,1,2025-10-25 18:31:29,2025-10-25 18:31:52,2025-10-25 18:30:03,2025-10-25,21,8,24.99925,121.55553,13,2025-10-25 10:32:51.141129,10,5,1,2025-10-25,0.38095238095238093
500105088,YouBike2.0_樟新街8巷,文山區,2025-10-25 07:50:04,樟新街8巷9號對側,Wenshan Dist,YouBike2.0_Ln. 8， Zhangxin St.,No. 9， Ln. 8， Zhangxin St. (Opposite),1,2025-10-25 18:31:29,2025-10-25 18:31:52,2025-10-25 07:50:04,2025-10-25,17,8,24.97932,121.55406,9,2025-10-25 10:32:51.141129,10,5,1,2025-10-25,0.47058823529411764
500105089,YouBike2.0_仙岩路22巷口,文山區,2025-10-25 17:00:04,仙岩路26號旁,Wenshan Dist,YouBike2.0_Ln. 22， Xianyan Rd.,No. 26， Xianyan Rd.,1,2025-10-25 18:31:29,2025-10-25 18:31:52,2025-10-25 17:00:04,2025-10-25,28,17,24.99892,121.54887,10,2025-10-25 10:32:51.141129,10,5,1,2025-10-25,0.6071428571428571
500105090,YouBike2.0_木柵萬芳路口,文山區,2025-10-25 17:30:03,木柵路四段75號對側自行車道旁,Wenshan Dist,YouBike2.0_Muzha &Wanfang Rd. Intersection,No.75，Sec.4，Muzha Rd.,1,2025-10-25 18:31:29,2025-10-25 18:31:52,2025-10-25 17:30:03,2025-10-25,29,6,24.99509,121.57199,23,2025-10-25 10:32:51.141129,10,5,1,2025-10-25,0.20689655172413793
500105091,YouBike2.0_福興路78巷,文山區,2025-10-25 17:18:15,福興路78巷/福興路78巷10弄,Wenshan Dist,YouBike2.0_Ln. 78， Fuxing Rd.,Ln. 78， Fuxing Rd. & Aly. 10， Ln. 78， Fuxing Rd.Intersection,1,2025-10-25 18:31:29,2025-10-25 18:31:52,2025-10-25 17:18:15,2025-10-25,14,3,25.00437,121.55048,11,2025-10-25 10:32:51.141129,10,5,1,2025-10-25,0.21428571428571427
500105092,YouBike2.0_辛亥木柵路口,文山區,2025-10-25 16:50:04,辛亥路六段100巷對側,Wenshan Dist,YouBike2.0_XinHai Rd. & MuZha Rd.  Intersection,Ln. 100， Sec. 6， Xinhai Rd.,1,2025-10-25 18:31:29,2025-10-25 18:31:52,2025-10-25 16:50:04,2025-10-25,20,13,24.98839,121.55238,7,2025-10-25 10:32:51.141129,10,5,1,2025-10-25,0.65
500105093,YouBike2.0_興泰公園,文山區,2025-10-25 10:33:01,辛亥路四段166巷24號對側,Wenshan Dist,YouBike2.0_Sing Tai Park,No. 24， Ln. 166， Sec. 4， XinHai Rd. (Opposite),1,2025-10-25 18:31:29,2025-10-25 18:31:52,2025-10-25 10:33:01,2025-10-25,12,6,25.00492,121.55582,6,2025-10-25 10:32:51.141129,10,5,1,2025-10-25,0.5
500105094,YouBike2.0_興岩社會福利綜合大樓,文山區,2025-10-25 15:10:03,興隆路二段88號前,Wenshan Dist,YouBike2.0_Taipei City Xing Yan Social Welfare Services Building,No. 88， Sec. 2， XingLong Rd.,1,2025-10-25 18:31:29,2025-10-25 18:31:52,2025-10-25 15:10:03,2025-10-25,18,11,25.00061,121.54941,7,2025-10-25 10:32:51.141129,10,5,1,2025-10-25,0.6111111111111112
500105095,YouBike2.0_興隆路二段22巷9弄口,文山區,2025-10-25 17:43:16,興隆路二段22巷9弄與景興街23巷6弄口,Wenshan Dist,YouBike2.0_Aly. 9， Ln. 22， Sec. 2， XingLong Rd.,Aly. 9， Ln. 22， Sec. 2， XingLong Rd. & Aly. 6， Ln. 23， JingXing Rd. Intersection,1,2025-10-25 18:31:29,2025-10-25 18:31:52,2025-10-25 17:43:16,2025-10-25,13,4,24.99746,121.54543,9,2025-10-25 10:32:51.141129,10,5,1,2025-10-25,0.3076923076923077
500105096,YouBike2.0_木新路三段155巷口,文山區,2025-10-25 17:10:03,木新路三段156號(前),Wenshan Dist,YouBike2.0_Ln. 155， Sec. 3， MuXin Rd.,No. 156， Sec. 3， MuXin Rd.,1,2025-10-25 18:31:29,2025-10-25 18:31:52,2025-10-25 17:10:03,2025-10-25,15,8,24.98184,121.56125,7,2025-10-25 10:32:51.141129,10,5,1,2025-10-25,0.5333333333333333
500105097,YouBike2.0_景興路102巷口,文山區,2025-10-25 16:20:04,景華街52巷/景興路102巷,Wenshan Dist,YouBike2.0_Ln. 102， JingXing Rd.,Ln. 52， JingHua St. & Ln. 102， JingXing Rd. Intersection,1,2025-10-25 18:31:29,2025-10-25 18:31:52,2025-10-25 16:20:04,2025-10-25,14,5,24.99438,121.54376,9,2025-10-25 10:32:51.141129,10,5,1,2025-10-25,0.35714285714285715
500105098,YouBike2.0_景福街223巷,文山區,2025-10-25 17:30:03,溪口街85巷19弄14號,Wenshan Dist,YouBike2.0_Ln. 223， JingFu St.,No. 14， Aly. 19， Ln. 85， XiKou St.,1,2025-10-25 18:31:29,2025-10-25 18:31:52,2025-10-25 17:30:03,2025-10-25,18,14,24.99442,121.53844,4,2025-10-25 10:32:51.141129,10,5,1,2025-10-25,0.7777777777777778
500105100,YouBike2.0_達賢圖書館,文山區,2025-10-25 09:31:01,政大達賢圖書館西側人行道,Wenshan Dist,YouBike2.0_Dah Hsian Seetoo Library,Dah Hsian Seetoo Library (West),1,2025-10-25 18:31:29,2025-10-25 18:31:52,2025-10-25 09:31:01,2025-10-25,27,10,24.9884,121.57786,17,2025-10-25 10:32:51.141129,10,5,1,2025-10-25,0.37037037037037035
500105101,YouBike2.0_捷運木柵站(西側),文山區,2025-10-25 15:48:01,捷運木柵站出入口(西側),Wenshan Dist,YouBike2.0_MRT Muzha Sta. (West),MRT Muzha Sta. (West),1,2025-10-25 18:31:29,2025-10-25 18:31:52,2025-10-25 15:48:01,2025-10-25,26,19,24.9983,121.57279,7,2025-10-25 10:32:51.141129,10,5,1,2025-10-25,0.7307692307692307
500105102,YouBike2.0_世新大學(試院路),文山區,2025-10-25 17:30:03,試院路102-1號對側,Wenshan Dist,YouBike2.0_Shih Hsin University (ShiYuan Rd.),No. 102-1， ShiYuan Rd. (Opposite),1,2025-10-25 18:31:29,2025-10-25 18:31:52,2025-10-25 17:30:03,2025-10-25,16,12,24.98981,121.54783,4,2025-10-25 10:32:51.141129,10,5,1,2025-10-25,0.75
500105103,YouBike2.0_興隆社會住宅D1區,文山區,2025-10-25 11:06:01,木柵路二段2巷52號旁,Wenshan Dist,YouBike2.0_XingLong D1 Social Housing,No. 52， Ln. 2， Sec. 2， Muzha Rd.,1,2025-10-25 18:31:29,2025-10-25 18:31:52,2025-10-25 11:06:01,2025-10-25,31,11,24.98783,121.55831,20,2025-10-25 10:32:51.141129,10,5,1,2025-10-25,0.3548387096774194
500105104,YouBike2.0_名門社區,文山區,2025-10-25 17:10:03,和平東路四段77號對側,Wenshan Dist,YouBike2.0_Mingmen Community,No. 77， Sec. 4， HePing E. Rd. (Opposite),1,2025-10-25 18:31:29,2025-10-25 18:31:52,2025-10-25 17:10:03,2025-10-25,18,6,25.00516,121.56757,12,2025-10-25 10:32:51.141129,10,5,1,2025-10-25,0.3333333333333333
500105106,YouBike2.0_政大國際會館,文山區,2025-10-25 07:37:02,秀明路二段112巷19號,Wenshan Dist,YouBike2.0_NCCU-iHouse,No. 19， Ln. 112， Sec. 2， Xiuming Rd.,1,2025-10-25 18:31:29,2025-10-25 18:31:52,2025-10-25 07:37:02,2025-10-25,20,12,24.98994,121.57513,8,2025-10-25 10:32:51.141129,10,5,1,2025-10-25,0.6
500105107,YouBike2.0_萬芳出租國宅,文山區,2025-10-25 16:20:04,萬寧街36巷口,Wenshan Dist,YouBike2.0_Wanfang Public Housing,Ln. 36， WanNing St.,1,2025-10-25 18:31:29,2025-10-25 18:31:52,2025-10-25 16:20:04,2025-10-25,36,17,25.00335,121.5655,18,2025-10-25 10:32:51.141129,10,5,1,2025-10-25,0.4722222222222222
500105108,YouBike2.0_景美國小,文山區,2025-10-25 17:50:02,景文街108號旁,Wenshan Dist,YouBike2.0_Jingmei Elementary School,No. 108， JingWen St.,1,2025-10-25 18:31:29,2025-10-25 18:31:52,2025-10-25 17:50:02,2025-10-25,25,15,24.9893,121.53976,10,2025-10-25 10:32:51.141129,10,5,1,2025-10-25,0.6
500105109,YouBike2.0_景文街142巷口,文山區,2025-10-25 17:30:03,景文街與景文街142巷口(景美橋旁),Wenshan Dist,YouBike2.0_Ln. 142， JingWen St.,JingWen St. & Ln. 142， JingWen St. Intersection (Jingmei Bridge),1,2025-10-25 18:31:29,2025-10-25 18:31:52,2025-10-25 17:30:03,2025-10-25,16,6,24.98826,121.54065,10,2025-10-25 10:32:51.141129,10,5,1,2025-10-25,0.375
500105110,YouBike2.0_保儀路142巷,文山區,2025-10-25 11:30:05,保儀路142巷2號前,Wenshan Dist,YouBike2.0_Ln. 142， BaoYi Rd.,No. 2， Ln. 142， BaoYi Rd.,1,2025-10-25 18:31:29,2025-10-25 18:31:52,2025-10-25 11:30:05,2025-10-25,22,8,24.98327,121.56515,13,2025-10-25 10:32:51.141129,10,5,1,2025-10-25,0.36363636363636365
500105111,YouBike2.0_和興水岸社會住宅,文山區,2025-10-25 17:00:04,和興路88-1號(對面),Wenshan Dist,YouBike2.0_HeXing Social Housing,No. 88-1， HeXing Rd.,1,2025-10-25 18:31:29,2025-10-25 18:31:52,2025-10-25 17:00:04,2025-10-25,29,10,24.98505,121.54953,19,2025-10-25 10:32:51.141129,10,5,1,2025-10-25,0.3448275862068966
500105112,YouBike2.0_萬芳路107巷口,文山區,2025-10-24 18:50:03,萬芳路111-113號(旁),Wenshan Dist,YouBike2.0_Ln. 107， WanFang Rd.,No. 111， WanFang Rd.,1,2025-10-25 18:31:29,2025-10-25 18:31:52,2025-10-24 18:50:03,2025-10-24,20,5,24.99715,121.56179,15,2025-10-25 10:32:51.141129,10,5,1,2025-10-25,0.25
500105113,YouBike2.0_考選部國家考場,文山區,2025-10-25 15:10:03,木柵路一段70巷口,Wenshan Dist,YouBike2.0_National Examination Center,Ln. 70， Sec. 1， MuZha Rd.,1,2025-10-25 18:31:29,2025-10-25 18:31:52,2025-10-25 15:10:03,2025-10-25,26,6,24.98703,121.54884,20,2025-10-25 10:32:51.141129,10,5,1,2025-10-25,0.23076923076923078
500105114,YouBike2.0_明道國小(明道國宅),文山區,2025-10-25 17:10:03,興隆路四段109巷40號北側,Wenshan Dist,YouBike2.0_Ming Dao Elementary School (Ming Dao Public Housing),No. 40， Ln. 109， Sec. 4， XingLong Rd. (North),1,2025-10-25 18:31:29,2025-10-25 18:31:52,2025-10-25 17:10:03,2025-10-25,26,8,24.98686,121.56301,18,2025-10-25 10:32:51.141129,10,5,1,2025-10-25,0.3076923076923077
500105115,YouBike2.0_興隆社會住宅A區,文山區,2025-10-25 15:48:01,興隆路四段42巷1號(旁),Wenshan Dist,YouBike2.0_XingLong A Social Housing,No. 1， Ln. 42， Sec. 4， XingLong Rd.,1,2025-10-25 18:31:29,2025-10-25 18:31:52,2025-10-25 15:48:01,2025-10-25,30,12,24.988,121.56018,18,2025-10-25 10:32:51.141129,10,5,1,2025-10-25,0.4
500105116,YouBike2.0_景興路177巷,文山區,2025-10-25 16:30:04,景興路177巷5號(對面),Wenshan Dist,YouBike2.0_Ln. 177， JingXing Rd.,No. 5， Ln. 177， JingXing Rd. (Opposite),1,2025-10-25 18:31:29,2025-10-25 18:31:52,2025-10-25 16:30:04,2025-10-25,11,5,24.99275,121.54479,6,2025-10-25 10:32:51.141129,10,5,1,2025-10-25,0.45454545454545453
500105117,YouBike2.0_捷運景美站(1號出口),文山區,2025-10-25 17:50:02,景中街2號(羅斯福路側),Wenshan Dist,YouBike2.0_MRT Jingmei Sta. (Exit 1),No. 2， JingZhong St. (Roosevelt Rd.),1,2025-10-25 18:31:29,2025-10-25 18:31:52,2025-10-25 17:50:02,2025-10-25,21,4,24.99274,121.5409,17,2025-10-25 10:32:51.141129,10,5,1,2025-10-25,0.19047619047619047
500105118,YouBike2.0_秀明路二段92巷口,文山區,2025-10-25 16:30:04,秀明路二段86號前方,Wenshan Dist,YouBike2.0_Ln. 92， Sec. 2， XiuMing Rd.,No. 86， Sec. 2， XiuMing Rd.,1,2025-10-25 18:31:29,2025-10-25 18:31:52,2025-10-25 16:30:04,2025-10-25,27,19,24.99155,121.57635,8,2025-10-25 10:32:51.141129,10,5,1,2025-10-25,0.7037037037037037
500105119,YouBike2.0_樟新社會住宅,文山區,2025-10-25 15:30:02,樟新街65號西側,Wenshan Dist,YouBike2.0_ZhangXin Public Housing,No. 65， ZhangXin St. (West),1,2025-10-25 18:31:29,2025-10-25 18:31:52,2025-10-25 15:30:02,2025-10-25,20,6,24.97735,121.55603,14,2025-10-25 10:32:51.141129,10,5,1,2025-10-25,0.3
500105120,YouBike2.0_忠順路二段57巷口,文山區,2025-10-25 08:35:01,忠順路二段58號旁,Wenshan Dist,YouBike2.0_Ln. 57， Sec. 2， ZhongShun St.,No. 58， Sec. 2， ZhongShun St.,1,2025-10-25 18:31:29,2025-10-25 18:31:52,2025-10-25 08:35:01,2025-10-25,18,15,24.98484,121.56456,3,2025-10-25 10:32:51.141129,10,5,1,2025-10-25,0.8333333333333334
500105121,YouBike2.0_景豐公園,文山區,2025-10-25 17:08:16,興隆路一段251巷3弄1號對側,Wenshan Dist,YouBike2.0_Jing Fong Park,No. 1， Aly. 3， Ln. 251， Sec. 1， XingLong Rd. (Opposite),1,2025-10-25 18:31:29,2025-10-25 18:31:52,2025-10-25 17:08:16,2025-10-25,18,2,24.99984,121.54489,16,2025-10-25 10:32:51.141129,10,5,1,2025-10-25,0.1111111111111111
500105122,YouBike2.0_樟新區民活動中心,文山區,2025-10-24 16:41:02,樟新街15巷/一壽街口,Wenshan Dist,YouBike2.0_ZhangXin Community Center,Ln. 15， ZhangXin St. & YiShou St. Intersection,1,2025-10-25 18:31:29,2025-10-25 18:31:52,2025-10-24 16:41:02,2025-10-24,20,7,24.97942,121.55656,13,2025-10-25 10:32:51.141129,10,5,1,2025-10-25,0.35
500105123,YouBike2.0_貓空纜車動物園站,文山區,2025-10-25 05:31:03,新光路二段8號(對側),Wenshan Dist,YouBike2.0_Maokong Gondola Taipei Zoo Station,No. 8， Sec. 2， XinGuang Rd. (Opposite),1,2025-10-25 18:31:29,2025-10-25 18:31:52,2025-10-25 05:31:03,2025-10-25,48,23,24.99645,121.57603,22,2025-10-25 10:32:51.141129,10,5,1,2025-10-25,0.4791666666666667
500106001,YouBike2.0_臺北自來水事業處,中正區,2025-10-25 18:21:16,思源街1號東側,Zhongzheng Dist,YouBike2.0_Taipei Water Department,No.1， Siyuan St. (East),1,2025-10-25 18:31:29,2025-10-25 18:31:52,2025-10-25 18:21:16,2025-10-25,20,18,25.013741,121.53068,2,2025-10-25 10:32:51.141129,10,5,1,2025-10-25,0.9
500106002,YouBike2.0_汀州思源街口東南側,中正區,2025-10-25 18:31:15,汀州路三段思源街口東南側,Zhongzheng Dist,YouBike2.0_Tingzhou Rd. / Siyuan St. intersection (Southeast),Sec. 3， Tingzhou Rd./ Siyuan St. intersection (Southeast),1,2025-10-25 18:31:29,2025-10-25 18:31:52,2025-10-25 18:31:15,2025-10-25,20,18,25.014697,121.531908,1,2025-10-25 10:32:51.141129,10,5,1,2025-10-25,0.9
500106003,YouBike2.0_捷運公館站(1號出口),中正區,2025-10-25 18:22:16,羅斯福路四段68號,Zhongzheng Dist,YouBike2.0_MRT Gongguan Sta. (Exit 1),No.68， Sec. 4， Roosevelt Rd.,1,2025-10-25 18:31:29,2025-10-25 18:31:52,2025-10-25 18:22:16,2025-10-25,12,9,25.014529,121.534374,3,2025-10-25 10:32:51.141129,10,5,1,2025-10-25,0.75
500106004,YouBike2.0_捷運公館站(4號出口),中正區,2025-10-25 17:30:03,羅斯福路四段48號,Zhongzheng Dist,YouBike2.0_MRT Gongguan Sta. (Exit 4),No.48， Sec. 4， Roosevelt Rd.,1,2025-10-25 18:31:29,2025-10-25 18:31:52,2025-10-25 17:30:03,2025-10-25,12,9,25.015069,121.533828,3,2025-10-25 10:32:51.141129,10,5,1,2025-10-25,0.75
500106005,YouBike2.0_捷運古亭站(9號出口),中正區,2025-10-25 18:10:18,羅斯福路二段100號(前方),Zhongzheng Dist,YouBike2.0_MRT Guting Sta. (Exit 9),No. 100， Sec. 2， Roosevelt Rd,1,2025-10-25 18:31:29,2025-10-25 18:31:52,2025-10-25 18:10:18,2025-10-25,24,22,25.02694,121.52224,2,2025-10-25 10:32:51.141129,10,5,1,2025-10-25,0.9166666666666666
500106006,YouBike2.0_捷運古亭站(2號出口),中正區,2025-10-25 18:30:03,羅斯福路二段168號前,Zhongzheng Dist,YouBike2.0_MRT Guting Sta. (Exit 2),No. 168， Sec. 2， Roosevelt Rd,1,2025-10-25 18:31:29,2025-10-25 18:31:52,2025-10-25 18:30:03,2025-10-25,55,5,25.0255,121.52346,50,2025-10-25 10:32:51.141129,10,5,1,2025-10-25,0.09090909090909091
500106007,YouBike2.0_捷運臺電大樓站(1號出口),中正區,2025-10-25 18:30:03,辛亥路一段/羅斯福路三段南側,Zhongzheng Dist,YouBike2.0_MRT Taipower Building Sta. (Exit 1),Sec. 1， Xinhai Rd & Sec. 3， Roosevelt Rd (South),1,2025-10-25 18:31:29,2025-10-25 18:31:52,2025-10-25 18:30:03,2025-10-25,34,11,25.0197,121.529,21,2025-10-25 10:32:51.141129,10,5,1,2025-10-25,0.3235294117647059
500106008,YouBike2.0_客家文化主題公園,中正區,2025-10-25 17:20:02,師大路/金門街11巷口對側人行道,Zhongzheng Dist,YouBike2.0_Hakka Cultural Park,Shida Rd & Ln. 11， Jinmen St (Opposite),1,2025-10-25 18:31:29,2025-10-25 18:31:52,2025-10-25 17:20:02,2025-10-25,31,21,25.02069,121.52456,9,2025-10-25 10:32:51.141129,10,5,1,2025-10-25,0.6774193548387096
500106009,YouBike2.0_河堤國小,中正區,2025-10-25 18:30:03,汀洲路二段182巷內186號旁,Zhongzheng Dist,YouBike2.0_Taipei Municipal Heti Elementary School,No. 186， Ln. 182， Sec. 2， Tingzhou Rd,1,2025-10-25 18:31:29,2025-10-25 18:31:52,2025-10-25 18:30:03,2025-10-25,59,26,25.02277,121.52289,31,2025-10-25 10:32:51.141129,10,5,1,2025-10-25,0.4406779661016949
500106010,YouBike2.0_紀州庵,中正區,2025-10-25 18:30:03,水源路/同安街口(東側),Zhongzheng Dist,YouBike2.0_Jizhouan Heritage Building,Shuiyuan Rd & Tong'an St Intersection (East),1,2025-10-25 18:31:29,2025-10-25 18:31:52,2025-10-25 18:30:03,2025-10-25,45,37,25.02092,121.52049,8,2025-10-25 10:32:51.141129,10,5,1,2025-10-25,0.8222222222222222
500106011,YouBike2.0_捷運臺電大樓站(5號出口),中正區,2025-10-25 17:30:03,羅斯福路三段126號前,Zhongzheng Dist,YouBike2.0_MRT Taipower Building Sta. (Exit 5),No. 126， Sec. 3， Roosevelt Rd,1,2025-10-25 18:31:29,2025-10-25 18:31:52,2025-10-25 17:30:03,2025-10-25,21,3,25.02075,121.52771,18,2025-10-25 10:32:51.141129,10,5,1,2025-10-25,0.14285714285714285
500106012,YouBike2.0_捷運臺電大樓站(4號出口),中正區,2025-10-25 17:40:03,師大路/羅斯福路三段西側,Zhongzheng Dist,YouBike2.0_MRT Taipower Building Sta. (Exit 4),Shida Rd & Sec. 3， Roosevelt Rd (West),1,2025-10-25 18:31:29,2025-10-25 18:31:52,2025-10-25 17:40:03,2025-10-25,13,7,25.02102,121.52751,5,2025-10-25 10:32:51.141129,10,5,1,2025-10-25,0.5384615384615384
500106013,YouBike2.0_羅斯福三段金門街口,中正區,2025-10-25 17:30:03,羅斯福路三段2號前,Zhongzheng Dist,YouBike2.0_Sec. 3， Roosevelt Rd & Jinmen St Intersection,No. 2， Sec. 3， Roosevelt Rd Intersection,1,2025-10-25 18:31:29,2025-10-25 18:31:52,2025-10-25 17:30:03,2025-10-25,15,2,25.02345,121.52498,11,2025-10-25 10:32:51.141129,10,5,1,2025-10-25,0.13333333333333333
500106014,YouBike2.0_牯嶺公園,中正區,2025-10-25 18:15:30,廈門街113巷/牯嶺街口(西側),Zhongzheng Dist,YouBike2.0_Guling Park,Ln. 113， Xiamen St & Guling St. Intersection (West),1,2025-10-25 18:31:29,2025-10-25 18:31:52,2025-10-25 18:15:30,2025-10-25,58,9,25.02338,121.51889,49,2025-10-25 10:32:51.141129,10,5,1,2025-10-25,0.15517241379310345
500106015,YouBike2.0_捷運古亭站(8號出口),中正區,2025-10-25 17:27:15,和平西路一段13-1號前方,Zhongzheng Dist,YouBike2.0_MRT Guting Sta. (Exit 8),No. 13-1， Sec. 1， Heping W. Rd.,1,2025-10-25 18:31:29,2025-10-25 18:31:52,2025-10-25 17:27:15,2025-10-25,15,2,25.02701,121.52164,10,2025-10-25 10:32:51.141129,10,5,1,2025-10-25,0.13333333333333333
500106016,YouBike2.0_捷運古亭站(7號出口),中正區,2025-10-25 17:52:15,羅斯福路二段44號前方,Zhongzheng Dist,YouBike2.0_MRT Guting Sta. (Exit 7),No. 44， Sec. 2， Roosevelt Rd.,1,2025-10-25 18:31:29,2025-10-25 18:31:52,2025-10-25 17:52:15,2025-10-25,12,5,25.02805,121.52155,7,2025-10-25 10:32:51.141129,10,5,1,2025-10-25,0.4166666666666667
500106017,YouBike2.0_南昌公園,中正區,2025-10-25 18:30:03,和平西路一段與南昌路二段口西北側,Zhongzheng Dist,YouBike2.0_Nanchang Park,Sec. 1， Heping W. Rd. & Sec. 2， Nanchang Rd. Intersection (Northwest),1,2025-10-25 18:31:29,2025-10-25 18:31:52,2025-10-25 18:30:03,2025-10-25,55,28,25.02698,121.52081,26,2025-10-25 10:32:51.141129,10,5,1,2025-10-25,0.509090909090909
500106018,YouBike2.0_和平重慶路口,中正區,2025-10-25 18:30:03,和平西路一段/福州街口東側,Zhongzheng Dist,YouBike2.0_Heping & Chongqing Rd. Intersection,Sec. 1， Heping W. Rd. & Fuzhou St. Intersection (East),1,2025-10-25 18:31:29,2025-10-25 18:31:52,2025-10-25 18:30:03,2025-10-25,69,4,25.02723,121.51659,65,2025-10-25 10:32:51.141129,10,5,1,2025-10-25,0.057971014492753624
500106019,YouBike2.0_孫立人將軍官邸,中正區,2025-10-25 17:50:02,南昌路一段136號前,Zhongzheng Dist,YouBike2.0_Gen.Sun Li-Jen Residence,No. 136， Nanchang Rd.,1,2025-10-25 18:31:29,2025-10-25 18:31:52,2025-10-25 17:50:02,2025-10-25,23,12,25.02933,121.51854,11,2025-10-25 10:32:51.141129,10,5,1,2025-10-25,0.5217391304347826
500106020,YouBike2.0_羅斯福路二段6巷口,中正區,2025-10-25 17:50:02,羅斯福路二段/羅斯福路二段6巷口,Zhongzheng Dist,YouBike2.0_Ln.6， Sec.2， Roosevelt Rd.,Ln. 6， Sec. 2， Roosevelt Rd. Intersection,1,2025-10-25 18:31:29,2025-10-25 18:31:52,2025-10-25 17:50:02,2025-10-25,22,10,25.02923,121.52058,12,2025-10-25 10:32:51.141129,10,5,1,2025-10-25,0.45454545454545453
500106021,YouBike2.0_金華杭州南路口,中正區,2025-10-25 16:20:04,金華街口/杭州南路二段西北側,Zhongzheng Dist,YouBike2.0_Jinhua & Hangzhou S. Rd. Intersection,Jinhua St. & Sec. 2， Hangzhou S. Rd. Intersection (Northwest)),1,2025-10-25 18:31:29,2025-10-25 18:31:52,2025-10-25 16:20:04,2025-10-25,51,17,25.031,121.52211,33,2025-10-25 10:32:51.141129,10,5,1,2025-10-25,0.3333333333333333
500106022,YouBike2.0_捷運中正紀念堂站(3號出口),中正區,2025-10-25 18:30:03,金華街17號前方,Zhongzheng Dist,YouBike2.0_MRT C.K.S. Memorial Hall Sta. (Exit 3),No. 17， Jinhua St.,1,2025-10-25 18:31:29,2025-10-25 18:31:52,2025-10-25 18:30:03,2025-10-25,36,4,25.03239,121.51866,32,2025-10-25 10:32:51.141129,10,5,1,2025-10-25,0.1111111111111111
500106023,YouBike2.0_捷運中正紀念堂站(4號出口),中正區,2025-10-25 17:50:02,羅斯福路一段5號前方,Zhongzheng Dist,YouBike2.0_MRT C.K.S. Memorial Hall Sta. (Exit 4),No. 5， Sec. 1， Roosevelt Rd.,1,2025-10-25 18:31:29,2025-10-25 18:31:52,2025-10-25 17:50:02,2025-10-25,21,5,25.03376,121.51772,15,2025-10-25 10:32:51.141129,10,5,1,2025-10-25,0.23809523809523808
500106025,YouBike2.0_螢橋國小,中正區,2025-10-25 17:42:16,泉州街32號對面人行道,Zhongzheng Dist,YouBike2.0_Ying-Qiao Elementary School,No. 32， Quanzhou St. (Opposite),1,2025-10-25 18:31:29,2025-10-25 18:31:52,2025-10-25 17:42:16,2025-10-25,41,13,25.02609,121.51389,25,2025-10-25 10:32:51.141129,10,5,1,2025-10-25,0.3170731707317073
500106026,YouBike2.0_古亭智慧圖書館,中正區,2025-10-25 17:50:02,中華路二段443巷45號前,Zhongzheng Dist,YouBike2.0_Guting Intelligent Library,No. 45， Ln. 443， Sec. 2， Zhonghua Rd,1,2025-10-25 18:31:29,2025-10-25 18:31:52,2025-10-25 17:50:02,2025-10-25,21,4,25.02543,121.51052,14,2025-10-25 10:32:51.141129,10,5,1,2025-10-25,0.19047619047619047
500106027,YouBike2.0_永昌公園,中正區,2025-10-25 17:24:20,詔安街224號前,Zhongzheng Dist,YouBike2.0_Yongchang Park,No. 224， Zhao'an St.,1,2025-10-25 18:31:29,2025-10-25 18:31:52,2025-10-25 17:24:20,2025-10-25,28,9,25.02643,121.50936,18,2025-10-25 10:32:51.141129,10,5,1,2025-10-25,0.32142857142857145
500106028,YouBike2.0_中華路二段409巷口,中正區,2025-10-25 16:55:18,中華路二段403號前,Zhongzheng Dist,YouBike2.0_Ln. 409， Sec. 2， Zhonghua Rd,No. 403， Sec. 2， Zhonghua Rd.,1,2025-10-25 18:31:29,2025-10-25 18:31:52,2025-10-25 16:55:18,2025-10-25,15,1,25.02598,121.50806,11,2025-10-25 10:32:51.141129,10,5,1,2025-10-25,0.06666666666666667
500106029,YouBike2.0_南機場夜市(中華路二段),中正區,2025-10-25 18:30:03,中華路二段305巷至307巷,Zhongzheng Dist,YouBike2.0_Nanjichang Night Market (Sec. 2， Zhonghua Rd),Ln. 305-307， Sec. 2， Zhonghua Rd,1,2025-10-25 18:31:29,2025-10-25 18:31:52,2025-10-25 18:30:03,2025-10-25,41,16,25.02886,121.50518,23,2025-10-25 10:32:51.141129,10,5,1,2025-10-25,0.3902439024390244
500106030,YouBike2.0_南海和平路口西南側,中正區,2025-10-25 17:44:15,南海路與和平西路二段西南側,Zhongzheng Dist,YouBike2.0_Nanhai Rd & Sec. 2， Heping W. Rd (Southwest),Nanhai Rd & Sec. 2， Heping W. Rd (Southwest),1,2025-10-25 18:31:29,2025-10-25 18:31:52,2025-10-25 17:44:15,2025-10-25,19,0,25.03024,121.50904,18,2025-10-25 10:32:51.141129,10,5,1,2025-10-25,0.0
500106031,YouBike2.0_莒光和平路口,中正區,2025-10-25 18:15:30,莒光路2號前,Zhongzheng Dist,YouBike2.0_Juguang Rd & Sec. 2， Heping W. Rd Intersection,No. 2， Juguang Rd.,1,2025-10-25 18:31:29,2025-10-25 18:31:52,2025-10-25 18:15:30,2025-10-25,20,0,25.03132,121.50745,18,2025-10-25 10:32:51.141129,10,5,1,2025-10-25,0.0
500106037,YouBike2.0_水源路11_1號旁,中正區,2025-10-25 15:50:04,水源路11-1號(旁),Zhongzheng Dist,YouBike2.0_No. 11-1， Shuiyuan Rd,No. 11-1， Shuiyuan Rd.,1,2025-10-25 18:31:29,2025-10-25 18:31:52,2025-10-25 15:50:04,2025-10-25,31,10,25.01602,121.52565,20,2025-10-25 10:32:51.141129,10,5,1,2025-10-25,0.3225806451612903
500106038,YouBike2.0_南門國中,中正區,2025-10-25 18:30:03,廣州街8巷/廣州街口東南側,Zhongzheng Dist,YouBike2.0_Nan Men Junior High School,Ln. 8， Guangzhou St/Guangzhou St Intersection. (Southeast),1,2025-10-25 18:31:29,2025-10-25 18:31:52,2025-10-25 18:30:03,2025-10-25,40,16,25.03543,121.50834,23,2025-10-25 10:32:51.141129,10,5,1,2025-10-25,0.4
500106039,YouBike2.0_捷運小南門站(2號出口),中正區,2025-10-25 17:00:04,愛國西路30號之2前方,Zhongzheng Dist,YouBike2.0_MRT Xiaonanmen Sta. (Exit 2),No. 30-2， Aiguo West Rd.,1,2025-10-25 18:31:29,2025-10-25 18:31:52,2025-10-25 17:00:04,2025-10-25,24,10,25.03567,121.51006,14,2025-10-25 10:32:51.141129,10,5,1,2025-10-25,0.4166666666666667
500106040,YouBike2.0_介壽公園,中正區,2025-10-25 18:30:03,貴陽街懷寧街口(東北側),Zhongzheng Dist,YouBike2.0_Jieshou Park,Guiyang St & Huaining St Intersection (Northeast),1,2025-10-25 18:31:29,2025-10-25 18:31:52,2025-10-25 18:30:03,2025-10-25,35,8,25.03907,121.5138,27,2025-10-25 10:32:51.141129,10,5,1,2025-10-25,0.22857142857142856
500106041,YouBike2.0_中華貴陽街口,中正區,2025-10-25 17:40:03,貴陽街一段243之1號(前),Zhongzheng Dist,YouBike2.0_Zhonghua Rd & Guiyang St Intersection,No. 234-1， Sec. 1， Guiyang St.,1,2025-10-25 18:31:29,2025-10-25 18:31:52,2025-10-25 17:40:03,2025-10-25,20,11,25.03938,121.50772,9,2025-10-25 10:32:51.141129,10,5,1,2025-10-25,0.55
500106042,YouBike2.0_華山文創園區,中正區,2025-10-25 18:30:03,忠孝東路二段41號,Zhongzheng Dist,YouBike2.0_Huashan 1914 Creative Park,No. 41， Sec. 2， Zhongxiao E. Rd.,1,2025-10-25 18:31:29,2025-10-25 18:31:52,2025-10-25 18:30:03,2025-10-25,39,2,25.04367,121.52849,37,2025-10-25 10:32:51.141129,10,5,1,2025-10-25,0.05128205128205128
500106043,YouBike2.0_捷運善導寺站(1號出口),中正區,2025-10-25 17:10:03,忠孝東路一段7號,Zhongzheng Dist,YouBike2.0_MRT Shandao Temple Sta (Exit 1),No. 7， Sec. 1， Zhongxiao E. Rd.,1,2025-10-25 18:31:29,2025-10-25 18:31:52,2025-10-25 17:10:03,2025-10-25,46,7,25.04527,121.5222,39,2025-10-25 10:32:51.141129,10,5,1,2025-10-25,0.15217391304347827
500106044,YouBike2.0_濟南紹興路口,中正區,2025-10-25 18:30:03,濟南紹興路口東南側,Zhongzheng Dist,YouBike2.0_Jinan Rd & Shaoxing S. St Intersection,Jinan Rd & Shaoxing S. St Intersection. (Southeast),1,2025-10-25 18:31:29,2025-10-25 18:31:52,2025-10-25 18:30:03,2025-10-25,39,7,25.04193,121.52459,30,2025-10-25 10:32:51.141129,10,5,1,2025-10-25,0.1794871794871795
500106046,YouBike2.0_林森仁愛路口,中正區,2025-10-25 16:30:04,林森南路與仁愛路一段西北側,Zhongzheng Dist,YouBike2.0_Linsen S. Rd & Sec 1， Ren'ai Rd Intersection,Linsen S. Rd & Section 1， Ren'ai Rd Intersection. (Northwest),1,2025-10-25 18:31:29,2025-10-25 18:31:52,2025-10-25 16:30:04,2025-10-25,13,5,25.03915,121.52163,8,2025-10-25 10:32:51.141129,10,5,1,2025-10-25,0.38461538461538464
500106047,YouBike2.0_中正運動中心,中正區,2025-10-25 18:30:03,信義路一段1號前,Zhongzheng Dist,YouBike2.0_Zhongzheng Sports Center,No. 1， Sec 1， Xinyi Rd.,1,2025-10-25 18:31:29,2025-10-25 18:31:52,2025-10-25 18:30:03,2025-10-25,40,5,25.03786,121.51985,35,2025-10-25 10:32:51.141129,10,5,1,2025-10-25,0.125
500106048,YouBike2.0_信義杭州路口,中正區,2025-10-25 17:30:03,信義路一段21號前,Zhongzheng Dist,YouBike2.0_Sec 1， Xinyi Rd & Hangzhou S. Rd Intersection,No. 21， Sec 1， Xinyi Rd.,1,2025-10-25 18:31:29,2025-10-25 18:31:52,2025-10-25 17:30:03,2025-10-25,64,4,25.0357,121.5241,60,2025-10-25 10:32:51.141129,10,5,1,2025-10-25,0.0625
500106049,YouBike2.0_捷運善導寺站(3號出口),中正區,2025-10-25 17:30:03,林森南路1號南側,Zhongzheng Dist,YouBike2.0_MRT Shandao Temple Sta (Exit 3),No. 21， Linsen S. Rd. (South),1,2025-10-25 18:31:29,2025-10-25 18:31:52,2025-10-25 17:30:03,2025-10-25,20,7,25.04428,121.52336,13,2025-10-25 10:32:51.141129,10,5,1,2025-10-25,0.35
500106050,YouBike2.0_捷運小南門站(1號出口),中正區,2025-10-25 17:00:04,愛國西路/延平南路(西北側),Zhongzheng Dist,YouBike2.0_MRT Xiaonanmen Sta. (Exit 1),Aiguo E. Rd. & Yanping S. Rd Intersection (Northwest),1,2025-10-25 18:31:29,2025-10-25 18:31:52,2025-10-25 17:00:04,2025-10-25,46,14,25.03648,121.50951,32,2025-10-25 10:32:51.141129,10,5,1,2025-10-25,0.30434782608695654
500106051,YouBike2.0_延平南路133巷口,中正區,2025-10-25 17:40:03,延平南路162號對側,Zhongzheng Dist,YouBike2.0_Ln. 133， Yanping S. Rd Intersection,No.162， Yanping S. Rd. (Opposite),1,2025-10-25 18:31:29,2025-10-25 18:31:52,2025-10-25 17:40:03,2025-10-25,36,15,25.03792,121.50846,21,2025-10-25 10:32:51.141129,10,5,1,2025-10-25,0.4166666666666667
500106052,YouBike2.0_捷運西門站(2號出口),中正區,2025-10-25 18:30:03,中華路一段59號旁,Zhongzheng Dist,YouBike2.0_MRT Ximen Sta (Exit 2),No. 59， Sec. 1， Zhonghua Rd.,1,2025-10-25 18:31:29,2025-10-25 18:31:52,2025-10-25 18:30:03,2025-10-25,36,6,25.0416,121.50842,28,2025-10-25 10:32:51.141129,10,5,1,2025-10-25,0.16666666666666666
500106053,YouBike2.0_寶慶博愛路口,中正區,2025-10-25 15:48:01,博愛路162號,Zhongzheng Dist,YouBike2.0_Baoqing Rd & Bo'ai Rd Intersection,No. 162， Bo'ai Rd.,1,2025-10-25 18:31:29,2025-10-25 18:31:52,2025-10-25 15:48:01,2025-10-25,47,11,25.04129,121.5112,36,2025-10-25 10:32:51.141129,10,5,1,2025-10-25,0.23404255319148937
500106054,YouBike2.0_法務部,中正區,2025-10-25 16:20:04,重慶南路一段130號旁,Zhongzheng Dist,YouBike2.0_Agency Against Corruption,No. 130， Sec. 1， Chongqing S. Rd.,1,2025-10-25 18:31:29,2025-10-25 18:31:52,2025-10-25 16:20:04,2025-10-25,27,6,25.03705,121.51249,21,2025-10-25 10:32:51.141129,10,5,1,2025-10-25,0.2222222222222222
500106055,YouBike2.0_臺北市立大學(博愛校區),中正區,2025-10-25 15:37:02,愛國西路1號(前),Zhongzheng Dist,YouBike2.0_University of Taipei Boai Campus,No. 1， Aiguo W. Rd.,1,2025-10-25 18:31:29,2025-10-25 18:31:52,2025-10-25 15:37:02,2025-10-25,81,12,25.03545,121.51327,69,2025-10-25 10:32:51.141129,10,5,1,2025-10-25,0.14814814814814814
500106056,YouBike2.0_國家圖書館,中正區,2025-10-25 17:40:03,中山南路20號前,Zhongzheng Dist,YouBike2.0_National Central Library,No. 20， Zhongshan S. Rd.,1,2025-10-25 18:31:29,2025-10-25 18:31:52,2025-10-25 17:40:03,2025-10-25,50,4,25.03763,121.51709,46,2025-10-25 10:32:51.141129,10,5,1,2025-10-25,0.08
500106057,YouBike2.0_市民金山路口,中正區,2025-10-25 18:30:03,金山市民大道口南側,Zhongzheng Dist,YouBike2.0_Civic Blvd & Jinshan N. Rd Intersection,Jinshan N. Rd & Civic Blvd Intersection. (South),1,2025-10-25 18:31:29,2025-10-25 18:31:52,2025-10-25 18:30:03,2025-10-25,98,27,25.0459,121.53068,70,2025-10-25 10:32:51.141129,10,5,1,2025-10-25,0.2755102040816326
500106058,YouBike2.0_聯合醫院和平院區,中正區,2025-10-25 17:30:03,中華路二段33號旁,Zhongzheng Dist,YouBike2.0_Taipei City Hospital Heping Branch,No. 33， Sec. 2， Zhonghua Rd.,1,2025-10-25 18:31:29,2025-10-25 18:31:52,2025-10-25 17:30:03,2025-10-25,32,11,25.03516,121.50641,20,2025-10-25 10:32:51.141129,10,5,1,2025-10-25,0.34375
500106059,YouBike2.0_中山堂,中正區,2025-10-25 17:30:03,武昌街一段與延平南路口,Zhongzheng Dist,YouBike2.0_Zhongshan Hall,Sec. 1， Wuchang St & Yanping South Rd Intersection.,1,2025-10-25 18:31:29,2025-10-25 18:31:52,2025-10-25 17:30:03,2025-10-25,43,6,25.04412,121.51025,37,2025-10-25 10:32:51.141129,10,5,1,2025-10-25,0.13953488372093023
500106060,YouBike2.0_中華漢口街口,中正區,2025-10-25 17:10:03,中華路一段與漢口街一段路口,Zhongzheng Dist,YouBike2.0_Sec. 1， Zhonghua Rd & Hankou St Intersection,Sec. 1， Zhonghua Rd & Sec. 1， Hankou St Intersection,1,2025-10-25 18:31:29,2025-10-25 18:31:52,2025-10-25 17:10:03,2025-10-25,19,9,25.04533,121.50944,10,2025-10-25 10:32:51.141129,10,5,1,2025-10-25,0.47368421052631576
500106061,YouBike2.0_中華路一段21巷口,中正區,2025-10-25 17:00:04,中華路一段11號(斜前方),Zhongzheng Dist,YouBike2.0_Ln. 21， Sec. 1， Zhonghua Rd Intersection,No. 11， Sec. 1， Zhonghua Rd. (Front right),1,2025-10-25 18:31:29,2025-10-25 18:31:52,2025-10-25 17:00:04,2025-10-25,22,6,25.04677,121.50989,16,2025-10-25 10:32:51.141129,10,5,1,2025-10-25,0.2727272727272727
500106062,YouBike2.0_捷運臺大醫院站(4號出口),中正區,2025-10-25 18:30:03,常德街1號(公園路側),Zhongzheng Dist,YouBike2.0_MRT NTU Hospital Sta. (Exit 4),No. 1， Changde St. (Gongyuan Rd),1,2025-10-25 18:31:29,2025-10-25 18:31:52,2025-10-25 18:30:03,2025-10-25,60,3,25.04297,121.51643,56,2025-10-25 10:32:51.141129,10,5,1,2025-10-25,0.05
500106063,YouBike2.0_寶藏巖觀音亭,中正區,2025-10-25 17:50:02,汀州路三段230巷23號,Zhongzheng Dist,YouBike2.0_Treasure Hill Guanyin Temple,No. 23， Ln. 230， Sec. 3， Tingzhou Rd.,1,2025-10-25 18:31:29,2025-10-25 18:31:52,2025-10-25 17:50:02,2025-10-25,23,6,25.01027,121.5331,16,2025-10-25 10:32:51.141129,10,5,1,2025-10-25,0.2608695652173913
500106064,YouBike2.0_師大水源路口,中正區,2025-10-25 15:43:01,師大路/水源路口(東南側),Zhongzheng Dist,YouBike2.0_Shida Rd. & Shuiyuan Rd. Intersection,Shida Rd. & Shuiyuan Rd. Intersection (Southeast),1,2025-10-25 18:31:29,2025-10-25 18:31:52,2025-10-25 15:43:01,2025-10-25,28,10,25.0203,121.52302,17,2025-10-25 10:32:51.141129,10,5,1,2025-10-25,0.35714285714285715
500106065,YouBike2.0_中山徐州路口,中正區,2025-10-25 18:30:03,中山南路/徐州路(東南側),Zhongzheng Dist,YouBike2.0_Zhongshan Rd. & Xuzhou Rd. Intersection,Zhongshan S. Rd. & Xuzhou Rd. (Southeast),1,2025-10-25 18:31:29,2025-10-25 18:31:52,2025-10-25 18:30:03,2025-10-25,41,20,25.04178,121.51907,21,2025-10-25 10:32:51.141129,10,5,1,2025-10-25,0.4878048780487805
500106066,YouBike2.0_信義連雲街口,中正區,2025-10-25 18:30:03,信義路二段213號前,Zhongzheng Dist,YouBike2.0_Xinyi Rd. & Lianyun St. Intersection,No. 213， Sec. 2， Sinyi Rd.,1,2025-10-25 18:31:29,2025-10-25 18:31:52,2025-10-25 18:30:03,2025-10-25,39,17,25.03377,121.53041,20,2025-10-25 10:32:51.141129,10,5,1,2025-10-25,0.4358974358974359
500106067,YouBike2.0_臺北轉運站,中正區,2025-10-25 17:50:02,市民大道一段/中山北路一段(西北側),Zhongzheng Dist,YouBike2.0_Taipei Bus Station,Sec. 1， Civic Blvd. & Sec. 1， Jhongshan N. Rd. Intersection (Northwest),1,2025-10-25 18:31:29,2025-10-25 18:31:52,2025-10-25 17:50:02,2025-10-25,68,37,25.04842,121.51994,30,2025-10-25 10:32:51.141129,10,5,1,2025-10-25,0.5441176470588235
500106068,YouBike2.0_莒光大埔街口,中正區,2025-10-25 17:53:16,莒光路/大埔街口(東北側),Zhongzheng Dist,YouBike2.0_Jyuguang Rd. & Dapu St. Intersection,Jyuguang Rd. & Dapu St. Intersection (Northeast),1,2025-10-25 18:31:29,2025-10-25 18:31:52,2025-10-25 17:53:16,2025-10-25,32,2,25.03132,121.50519,30,2025-10-25 10:32:51.141129,10,5,1,2025-10-25,0.0625
500106069,YouBike2.0_捷運忠孝新生站(2號出口),中正區,2025-10-25 17:50:02,忠孝東路二段132號(東側),Zhongzheng Dist,YouBike2.0_MRT Zhongxiao Xinsheng Sta.(Exit.2),No. 132， Sec. 2， Jhongsiao E. Rd. (East),1,2025-10-25 18:31:29,2025-10-25 18:31:52,2025-10-25 17:50:02,2025-10-25,32,6,25.04235,121.53222,26,2025-10-25 10:32:51.141129,10,5,1,2025-10-25,0.1875
500106070,YouBike2.0_光華商場,中正區,2025-10-25 17:28:16,新生北路一段/市民大道三段口(西側),Zhongzheng Dist,YouBike2.0_Guang Hua Computer Market,Sec. 1， Sinsheng N. Rd. & Sec. 3， Civic Blvd. Intersection (West),1,2025-10-25 18:31:29,2025-10-25 18:31:52,2025-10-25 17:28:16,2025-10-25,39,15,25.04478,121.53274,24,2025-10-25 10:32:51.141129,10,5,1,2025-10-25,0.38461538461538464
500106071,YouBike2.0_中山青島路口,中正區,2025-10-25 17:50:02,中山南路/青島東路口(東北側),Zhongzheng Dist,YouBike2.0_Zhongshan & Qingdao Intersection,Zhongshan S. Rd & Qingdao E. Rd. Intersection (Northeast),1,2025-10-25 18:31:29,2025-10-25 18:31:52,2025-10-25 17:50:02,2025-10-25,40,6,25.04503,121.51968,34,2025-10-25 10:32:51.141129,10,5,1,2025-10-25,0.15
500106072,YouBike2.0_捷運中正紀念堂站(5號出口),中正區,2025-10-25 18:30:03,捷運中正紀念堂站(5號出口)西側,Zhongzheng Dist,YouBike2.0_MRT C.K.S Memorial Hall Sta.(Exit.5),MRT C.K.S Memorial Hall Sta. (Exit.5) (West),1,2025-10-25 18:31:29,2025-10-25 18:31:52,2025-10-25 18:30:03,2025-10-25,29,3,25.03526,121.5168,26,2025-10-25 10:32:51.141129,10,5,1,2025-10-25,0.10344827586206896
500106073,YouBike2.0_北平東杭州北路口,中正區,2025-10-25 17:40:03,北平東路/杭州北路口(東北側),Zhongzheng Dist,YouBike2.0_Beiping E. Rd. & Hangzhou N. Rd. Intersection,Beiping E. Rd. & Hangzhou N. Rd. Intersection (Northeast),1,2025-10-25 18:31:29,2025-10-25 18:31:52,2025-10-25 17:40:03,2025-10-25,20,10,25.04553,121.52736,10,2025-10-25 10:32:51.141129,10,5,1,2025-10-25,0.5
500106074,YouBike2.0_王貫英先生紀念圖書館,中正區,2025-10-25 18:28:16,汀州路二段265號,Zhongzheng Dist,YouBike2.0_Taipei Public Library Wang Guan-Ying Branch,No. 265， Sec. 2， Tingzhou Rd.,1,2025-10-25 18:31:29,2025-10-25 18:31:52,2025-10-25 18:28:16,2025-10-25,15,2,25.02266,121.52362,13,2025-10-25 10:32:51.141129,10,5,1,2025-10-25,0.13333333333333333
500106075,YouBike2.0_金山信義路口,中正區,2025-10-25 17:50:02,金山南路一段148號前側,Zhongzheng Dist,YouBike2.0_Jinshan Rd. & Xinyi Rd. Intersection,No. 148， Sec. 1， Jinshan S. Rd.,1,2025-10-25 18:31:29,2025-10-25 18:31:52,2025-10-25 17:50:02,2025-10-25,25,12,25.03443,121.52721,13,2025-10-25 10:32:51.141129,10,5,1,2025-10-25,0.48
500106077,YouBike2.0_林森徐州路口,中正區,2025-10-25 17:40:03,林森南路/徐州路口(西南側),Zhongzheng Dist,YouBike2.0_Linsen Rd. & Xuzhou Rd. Intersection,Linsen S. Rd. & Xuzhou Rd. Intersection (Northwest),1,2025-10-25 18:31:29,2025-10-25 18:31:52,2025-10-25 17:40:03,2025-10-25,32,6,25.04094,121.52215,26,2025-10-25 10:32:51.141129,10,5,1,2025-10-25,0.1875
500106078,YouBike2.0_徐州杭州路口,中正區,2025-10-25 18:30:03,徐州路/杭州南路一段口(西北側),Zhongzheng Dist,YouBike2.0_Xuzhou Rd. Hangzhou Rd. Intersection,Xuzhou Rd. Sec. 1， Hangzhou S. Rd. Intersection (Northwest),1,2025-10-25 18:31:29,2025-10-25 18:31:52,2025-10-25 18:30:03,2025-10-25,30,5,25.04023,121.52565,25,2025-10-25 10:32:51.141129,10,5,1,2025-10-25,0.16666666666666666
500106079,YouBike2.0_捷運中正紀念堂站(6號出口),中正區,2025-10-25 16:45:16,捷運中正紀念堂站(6號出口)北側,Zhongzheng Dist,YouBike2.0_MRT C.K.S Memorial Hall Sta.(Exit 6),MRT C.K.S Memorial Hall Sta.(Exit.6) (North),1,2025-10-25 18:31:29,2025-10-25 18:31:52,2025-10-25 16:45:16,2025-10-25,17,1,25.03615,121.5166,16,2025-10-25 10:32:51.141129,10,5,1,2025-10-25,0.058823529411764705
500106080,YouBike2.0_捷運臺北車站(M2出口),中正區,2025-10-25 18:30:03,市民大道一段168號旁,Zhongzheng Dist,YouBike2.0_MRT Taipei Main Sta.(Exit M2),No. 168， Sec. 1， Civic Blvd.,1,2025-10-25 18:31:29,2025-10-25 18:31:52,2025-10-25 18:30:03,2025-10-25,20,17,25.04821,121.51903,3,2025-10-25 10:32:51.141129,10,5,1,2025-10-25,0.85
500106083,YouBike2.0_臺北市國父史蹟館(逸仙公園),中正區,2025-10-25 17:10:03,中山北路一段46號北側,Zhongzheng Dist,YouBike2.0_Dr. Sun Yat-Sen Memorial House (Sun Yat-sen Park),No. 46， Sec. 1， Zhongshan N. Rd. (North),1,2025-10-25 18:31:29,2025-10-25 18:31:52,2025-10-25 17:10:03,2025-10-25,31,1,25.04779,121.52042,30,2025-10-25 10:32:51.141129,10,5,1,2025-10-25,0.03225806451612903
500106084,YouBike2.0_捷運西門站(5號出口),中正區,2025-10-25 18:30:03,捷運西門站(5號出口)南側,Zhongzheng Dist,YouBike2.0_MRT Ximen Sta. (Exit 5),MRT Ximen Sta. (Exit 5) (South),1,2025-10-25 18:31:29,2025-10-25 18:31:52,2025-10-25 18:30:03,2025-10-25,30,12,25.04244,121.50864,17,2025-10-25 10:32:51.141129,10,5,1,2025-10-25,0.4
500106085,YouBike2.0_弘道國中,中正區,2025-10-25 17:50:02,公園路21號西北側,Zhongzheng Dist,YouBike2.0_Hondao Junior High School,No. 21， Gongyuan Rd. (Northwest),1,2025-10-25 18:31:29,2025-10-25 18:31:52,2025-10-25 17:50:02,2025-10-25,33,6,25.03828,121.51524,27,2025-10-25 10:32:51.141129,10,5,1,2025-10-25,0.18181818181818182
500106086,YouBike2.0_臺北市第一女子高級中學,中正區,2025-10-25 15:50:04,重慶南路一段165號旁,Zhongzheng Dist,YouBike2.0_Taipei First Girls High School,No. 165， Sec. 1， Chongqing S. Rd.,1,2025-10-25 18:31:29,2025-10-25 18:31:52,2025-10-25 15:50:04,2025-10-25,28,2,25.0385,121.51288,26,2025-10-25 10:32:51.141129,10,5,1,2025-10-25,0.07142857142857142
500106087,YouBike2.0_台北市替代役中心,中正區,2025-10-25 18:30:03,汀州路三段8號前,Zhongzheng Dist,YouBike2.0_Substitute Military Service Center,No. 8， Sec. 3， Tingzhou Rd.,1,2025-10-25 18:31:29,2025-10-25 18:31:52,2025-10-25 18:30:03,2025-10-25,15,4,25.01808,121.5275,9,2025-10-25 10:32:51.141129,10,5,1,2025-10-25,0.26666666666666666
500106088,YouBike2.0_紹興徐州路口,中正區,2025-10-25 17:00:04,紹興南街/徐州路(東南側),Zhongzheng Dist,YouBike2.0_Shaoxing St. & Xuzhou Rd. Intersection,Shaoxing S. St. & Xuzhou Rd. Intersection (Southeast),1,2025-10-25 18:31:29,2025-10-25 18:31:52,2025-10-25 17:00:04,2025-10-25,18,3,25.04051,121.52401,15,2025-10-25 10:32:51.141129,10,5,1,2025-10-25,0.16666666666666666
500106089,YouBike2.0_羅斯福寧波東街口,中正區,2025-10-25 18:25:16,羅斯福路一段/寧波東街(東南側),Zhongzheng Dist,YouBike2.0_Roosevelt Rd. & Ningbo E. St. Intersection,Sec. 1， Roosevelt Rd. & Ningbo E. St. Intersection (Southeast),1,2025-10-25 18:31:29,2025-10-25 18:31:52,2025-10-25 18:25:16,2025-10-25,26,0,25.03145,121.51941,26,2025-10-25 10:32:51.141129,10,5,1,2025-10-25,0.0
500106090,YouBike2.0_自來水園區,中正區,2025-10-25 17:00:04,中正區思源街16號對面人行道,Zhongzheng Dist,YouBike2.0_Taipei Water Park,No. 16， Siyuan St. (Opposite),1,2025-10-25 18:31:29,2025-10-25 18:31:52,2025-10-25 17:00:04,2025-10-25,40,19,25.01328,121.53004,21,2025-10-25 10:32:51.141129,10,5,1,2025-10-25,0.475
500106091,YouBike2.0_仁愛林森路口,中正區,2025-10-25 18:29:15,仁愛路一段路口/林森南路(東北側),Zhongzheng Dist,YouBike2.0_Ren'ai Rd. & Linsen Rd. Intersection,Sec. 1， Ren'ai Rd. & Linsen S. Rd. Intersection (Northeast),1,2025-10-25 18:31:29,2025-10-25 18:31:52,2025-10-25 18:29:15,2025-10-25,46,0,25.03895,121.52233,46,2025-10-25 10:32:51.141129,10,5,1,2025-10-25,0.0
500106092,YouBike2.0_捷運西門站(3號出口),中正區,2025-10-25 18:30:03,中華路一段/寶慶路(東南側),Zhongzheng Dist,YouBike2.0_MRT Ximen Sta. (Exit 3),Sec. 1， Zhonghua Rd. & Baoqing Rd. Intersection (Southeast),1,2025-10-25 18:31:29,2025-10-25 18:31:52,2025-10-25 18:30:03,2025-10-25,36,9,25.04178,121.50869,27,2025-10-25 10:32:51.141129,10,5,1,2025-10-25,0.25
500106093,YouBike2.0_仁愛金山路口,中正區,2025-10-25 17:35:17,仁愛路二段31號前,Zhongzheng Dist,YouBike2.0_Ren'ai Rd. & Jinshan Rd. Intersection,No. 31， Sec. 2， Ren'ai Rd.,1,2025-10-25 18:31:29,2025-10-25 18:31:52,2025-10-25 17:35:17,2025-10-25,9,7,25.0384,121.52801,1,2025-10-25 10:32:51.141129,10,5,1,2025-10-25,0.7777777777777778
500106094,YouBike2.0_杭州南路一段101巷口,中正區,2025-10-25 17:40:03,金山南路一段72號前,Zhongzheng Dist,YouBike2.0_Ln. 101， Sec. 1， Hangzhou S. Rd.,No. 72， Sec. 1， Jinshan S. Rd.,1,2025-10-25 18:31:29,2025-10-25 18:31:52,2025-10-25 17:40:03,2025-10-25,14,3,25.03746,121.52799,11,2025-10-25 10:32:51.141129,10,5,1,2025-10-25,0.21428571428571427
500106095,YouBike2.0_仁愛杭州路口,中正區,2025-10-25 17:50:02,仁愛路一段59號旁,Zhongzheng Dist,YouBike2.0_Ren'ai Rd. & Hangzhou Rd. Intersection,No. 59， Sec. 1， Ren'ai Rd.,1,2025-10-25 18:31:29,2025-10-25 18:31:52,2025-10-25 17:50:02,2025-10-25,25,9,25.03846,121.52497,15,2025-10-25 10:32:51.141129,10,5,1,2025-10-25,0.36
500106096,YouBike2.0_龍興里活動中心,中正區,2025-10-25 16:10:03,三元街131號旁,Zhongzheng Dist,YouBike2.0_Longxing Community Center,No. 131， Sanyuan St.,1,2025-10-25 18:31:29,2025-10-25 18:31:52,2025-10-25 16:10:03,2025-10-25,21,4,25.02815,121.51108,16,2025-10-25 10:32:51.141129,10,5,1,2025-10-25,0.19047619047619047
500106097,YouBike2.0_植物園,中正區,2025-10-25 17:36:15,和平西路二段100號前,Zhongzheng Dist,YouBike2.0_Taipei Botanical Garden,No. 100， Sec. 2， Heping W. Rd.,1,2025-10-25 18:31:29,2025-10-25 18:31:52,2025-10-25 17:36:15,2025-10-25,29,2,25.0299,121.51033,27,2025-10-25 10:32:51.141129,10,5,1,2025-10-25,0.06896551724137931
500106098,YouBike2.0_郵政博物館,中正區,2025-10-25 17:30:03,重慶南路二段45號前方(郵政博物館前),Zhongzheng Dist,YouBike2.0_Postal Museum,No. 45， Sec. 2， Chongqing S. Rd.,1,2025-10-25 18:31:29,2025-10-25 18:31:52,2025-10-25 17:30:03,2025-10-25,24,6,25.03158,121.51464,17,2025-10-25 10:32:51.141129,10,5,1,2025-10-25,0.25
500106099,YouBike2.0_林森北平路口,中正區,2025-10-25 17:10:03,林森北路與北平東路口西北側,Zhongzheng Dist,YouBike2.0_Linsen Rd & Beiping Rd. Intersection,Linsen N. Rd & Beiping E. Rd. Intersection (Northwest),1,2025-10-25 18:31:29,2025-10-25 18:31:52,2025-10-25 17:10:03,2025-10-25,20,7,25.04659,121.52377,13,2025-10-25 10:32:51.141129,10,5,1,2025-10-25,0.35
500106100,YouBike2.0_北平紹興路口,中正區,2025-10-25 15:50:04,北平東路30號對側人行道,Zhongzheng Dist,YouBike2.0_Beiping Rd. & Shaoxing St. Intersection,No. 30， Beiping E. Rd. (Opposite),1,2025-10-25 18:31:29,2025-10-25 18:31:52,2025-10-25 15:50:04,2025-10-25,39,26,25.04597,121.52579,13,2025-10-25 10:32:51.141129,10,5,1,2025-10-25,0.6666666666666666
500106101,YouBike2.0_天津北平路口,中正區,2025-10-25 16:20:04,天津街1號對側人行道,Zhongzheng Dist,YouBike2.0_Tianjin St. & Beiping Rd. Intersection,No. 1， Tianjin St. (Opposite),1,2025-10-25 18:31:29,2025-10-25 18:31:52,2025-10-25 16:20:04,2025-10-25,25,2,25.04692,121.52208,22,2025-10-25 10:32:51.141129,10,5,1,2025-10-25,0.08
500106102,YouBike2.0_捷運忠孝新生站(1號出口),中正區,2025-10-25 18:30:03,捷運忠孝新生站(1號出口)後方,Zhongzheng Dist,YouBike2.0_MRT Zhongxiao Xinsheng Sta.(Exit.1),MRT Zhongxiao Xinsheng Sta.(Exit.1),1,2025-10-25 18:31:29,2025-10-25 18:31:52,2025-10-25 18:30:03,2025-10-25,19,7,25.04272,121.53207,12,2025-10-25 10:32:51.141129,10,5,1,2025-10-25,0.3684210526315789
500106103,YouBike2.0_捷運忠孝新生站(5號出口),中正區,2025-10-25 18:31:15,新生南路一段56號前方,Zhongzheng Dist,YouBike2.0_MRT Zhongxiao Xinsheng Sta.(Exit.5),No. 56， Sec. 1， Xinsheng S. Rd.,1,2025-10-25 18:31:29,2025-10-25 18:31:52,2025-10-25 18:31:15,2025-10-25,13,12,25.04113,121.53273,1,2025-10-25 10:32:51.141129,10,5,1,2025-10-25,0.9230769230769231
500106104,YouBike2.0_捷運臺大醫院站(1號出口),中正區,2025-10-25 18:26:16,公園路/常德街口(西側),Zhongzheng Dist,YouBike2.0_MRT NTU Hospital Sta. (Exit. 1),Gongyuan Rd. & Changde St. Intersection (West),1,2025-10-25 18:31:29,2025-10-25 18:31:52,2025-10-25 18:26:16,2025-10-25,19,0,25.04074,121.51586,19,2025-10-25 10:32:51.141129,10,5,1,2025-10-25,0.0
500106105,YouBike2.0_臺大醫院兒童醫院,中正區,2025-10-25 17:54:15,中山南路8號(青島西路側),Zhongzheng Dist,YouBike2.0_National Taiwan University Children's Hospital,No. 8， Zhongshan S. Rd. (Qingdao W. Rd.),1,2025-10-25 18:31:29,2025-10-25 18:31:52,2025-10-25 17:54:15,2025-10-25,22,1,25.04461,121.5188,19,2025-10-25 10:32:51.141129,10,5,1,2025-10-25,0.045454545454545456
500106106,YouBike2.0_林森濟南路口(東北側),中正區,2025-10-25 17:40:03,林森南路/濟南路一段口(東北側),Zhongzheng Dist,YouBike2.0_Linsen Rd. & Jinan Rd. Intersection (Northeast),Linsen S. Rd. & Sec. 1， Jinan Rd. Intersection (Northeast),1,2025-10-25 18:31:29,2025-10-25 18:31:52,2025-10-25 17:40:03,2025-10-25,26,11,25.0425,121.5227,15,2025-10-25 10:32:51.141129,10,5,1,2025-10-25,0.4230769230769231
500106107,YouBike2.0_仁愛紹興街口(南側),中正區,2025-10-25 16:47:02,仁愛路一段/紹興南街口(南側),Zhongzheng Dist,YouBike2.0_Ren'ai Rd. & Shaoxing St. Intersection (South),Sec. 1， Ren'ai Rd. & Shaoxing S. St. Intersection (South),1,2025-10-25 18:31:29,2025-10-25 18:31:52,2025-10-25 16:47:02,2025-10-25,20,4,25.03837,121.52345,16,2025-10-25 10:32:51.141129,10,5,1,2025-10-25,0.2
500106108,YouBike2.0_中華南海路口,中正區,2025-10-25 18:30:03,中華路二段343號前,Zhongzheng Dist,YouBike2.0_Zhonghua Rd. & Nanhai Rd. Intersection,No. 343， Sec. 2， Zhonghua Rd.,1,2025-10-25 18:31:29,2025-10-25 18:31:52,2025-10-25 18:30:03,2025-10-25,15,7,25.02703,121.50686,7,2025-10-25 10:32:51.141129,10,5,1,2025-10-25,0.4666666666666667
500106109,YouBike2.0_立法院台北會館,中正區,2025-10-25 17:14:15,博愛路217號旁,Zhongzheng Dist,YouBike2.0_Taipei Association,No. 217， Bo'ai Rd.,1,2025-10-25 18:31:29,2025-10-25 18:31:52,2025-10-25 17:14:15,2025-10-25,15,5,25.03371,121.51068,9,2025-10-25 10:32:51.141129,10,5,1,2025-10-25,0.3333333333333333
500106110,YouBike2.0_捷運善導寺站(3號出口)(忠孝東路側),中正區,2025-10-25 17:50:02,忠孝東路一段/林森南路口,Zhongzheng Dist,YouBike2.0_MRT Shandao Temple Sta. (Exit 3) (Zhongxiao E. Rd.),Sec. 1， Zhongxiao E. Rd. & Linsen S. Rd. Intersection,1,2025-10-25 18:31:29,2025-10-25 18:31:52,2025-10-25 17:50:02,2025-10-25,31,6,25.04467,121.52357,25,2025-10-25 10:32:51.141129,10,5,1,2025-10-25,0.1935483870967742
500106111,YouBike2.0_國家音樂廳,中正區,2025-10-25 17:50:02,信義路一段(國家音樂廳西北側),Zhongzheng Dist,YouBike2.0_National Concert Hall,Sec. 1， Xinyi Rd. (National Concert Hall Northwest),1,2025-10-25 18:31:29,2025-10-25 18:31:52,2025-10-25 17:50:02,2025-10-25,22,10,25.03788,121.51904,12,2025-10-25 10:32:51.141129,10,5,1,2025-10-25,0.45454545454545453
500106112,YouBike2.0_忠孝西重慶南路口,中正區,2025-10-25 18:30:03,忠孝西路一段100號前,Zhongzheng Dist,YouBike2.0_Zhongxiao W. Rd. & Chongqing S. Rd. Intersection,No. 100， Sec. 1， Zhongxiao W. Rd.,1,2025-10-25 18:31:29,2025-10-25 18:31:52,2025-10-25 18:30:03,2025-10-25,33,24,25.04724,121.51272,9,2025-10-25 10:32:51.141129,10,5,1,2025-10-25,0.7272727272727273
500106113,YouBike2.0_濟南路二段8巷口,中正區,2025-10-25 18:31:15,濟南路二段6-1號對側,Zhongzheng Dist,YouBike2.0_Ln. 8， Sec. 2， Jinan Rd.,No. 6-1， Ln. 8， Sec. 2， Jinan Rd. (Opposite),1,2025-10-25 18:31:29,2025-10-25 18:31:52,2025-10-25 18:31:15,2025-10-25,14,1,25.04127,121.52697,13,2025-10-25 10:32:51.141129,10,5,1,2025-10-25,0.07142857142857142
500106114,YouBike2.0_仁愛金山路口(東南側),中正區,2025-10-25 18:30:03,仁愛路二段48-4號前,Zhongzheng Dist,YouBike2.0_Ren'ai Rd. & Jinshan Rd. Intersection (Southeast),No. 48-4， Sec. 2， Ren'ai Rd.,1,2025-10-25 18:31:29,2025-10-25 18:31:52,2025-10-25 18:30:03,2025-10-25,14,7,25.03811,121.52855,7,2025-10-25 10:32:51.141129,10,5,1,2025-10-25,0.5
500106115,YouBike2.0_臺灣文學基地,中正區,2025-10-25 16:40:02,齊東街53巷10號,Zhongzheng Dist,YouBike2.0_Taiwan Literature Base,No. 10， Ln. 53， Qidong St.,1,2025-10-25 18:31:29,2025-10-25 18:31:52,2025-10-25 16:40:02,2025-10-25,23,4,25.04148,121.5287,19,2025-10-25 10:32:51.141129,10,5,1,2025-10-25,0.17391304347826086
500106116,YouBike2.0_重慶南詔安街口,中正區,2025-10-25 18:26:16,重慶南路三段/詔安街,Zhongzheng Dist,YouBike2.0_Chongqing S. Rd. & Zhao'an St. Intersection,Sec. 3， Chongqing S. Rd. & Zhao'an St. Intersection,1,2025-10-25 18:31:29,2025-10-25 18:31:52,2025-10-25 18:26:16,2025-10-25,19,1,25.02507,121.51645,18,2025-10-25 10:32:51.141129,10,5,1,2025-10-25,0.05263157894736842
500106117,YouBike2.0_文光公園,中正區,2025-10-25 17:10:03,仁愛路二段65巷4號對側,Zhongzheng Dist,YouBike2.0_Wenguang Park,No. 4， Ln. 65， Sec. 2， Ren'ai Rd. (Opposite),1,2025-10-25 18:31:29,2025-10-25 18:31:52,2025-10-25 17:10:03,2025-10-25,28,4,25.03898,121.53058,22,2025-10-25 10:32:51.141129,10,5,1,2025-10-25,0.14285714285714285
500106118,YouBike2.0_捷運中正紀念堂站(2號出口),中正區,2025-10-25 18:30:03,羅斯福路一段10號前,Zhongzheng Dist,YouBike2.0_MRT C.K.S Memorial Hall Sta.(Exit 2),No. 10， Sec. 1， Roosevelt Rd.,1,2025-10-25 18:31:29,2025-10-25 18:31:52,2025-10-25 18:30:03,2025-10-25,12,5,25.03212,121.51861,7,2025-10-25 10:32:51.141129,10,5,1,2025-10-25,0.4166666666666667
500106119,YouBike2.0_螢圃里小公園,中正區,2025-10-25 17:00:04,汀州路二段135號對側,Zhongzheng Dist,YouBike2.0_Yingpulixiao Park,No. 135， Sec. 2， Tingzhou Rd. (Opposite),1,2025-10-25 18:31:29,2025-10-25 18:31:52,2025-10-25 17:00:04,2025-10-25,25,8,25.02484,121.51973,15,2025-10-25 10:32:51.141129,10,5,1,2025-10-25,0.32
500106120,YouBike2.0_螢橋公園,中正區,2025-10-25 18:30:03,和平西路一段110號旁,Zhongzheng Dist,YouBike2.0_Yingqiao Park,No. 110， Sec. 1， Heping W. Rd.,1,2025-10-25 18:31:29,2025-10-25 18:31:52,2025-10-25 18:30:03,2025-10-25,29,5,25.02682,121.51737,23,2025-10-25 10:32:51.141129,10,5,1,2025-10-25,0.1724137931034483
500106121,YouBike2.0_泉州寧波西街口,中正區,2025-10-25 18:30:03,泉州街15號對側,Zhongzheng Dist,YouBike2.0_Ningbo W. St. & Quanzhou St. Intersection,No. 15， Quanzhou St. (Opposite),1,2025-10-25 18:31:29,2025-10-25 18:31:52,2025-10-25 18:30:03,2025-10-25,49,10,25.02965,121.51415,38,2025-10-25 10:32:51.141129,10,5,1,2025-10-25,0.20408163265306123
500106122,YouBike2.0_和平西路二段98巷口,中正區,2025-10-25 15:06:02,三元街81號前,Zhongzheng Dist,YouBike2.0_Ln. 98， Sec. 2， Heping W. Rd.,No. 81， Sanyuan St.,1,2025-10-25 18:31:29,2025-10-25 18:31:52,2025-10-25 15:06:02,2025-10-25,16,2,25.0289,121.5097,12,2025-10-25 10:32:51.141129,10,5,1,2025-10-25,0.125
500106123,YouBike2.0_仁愛新生路口(西南側),中正區,2025-10-25 18:30:03,仁愛路二段110號,Zhongzheng Dist,YouBike2.0_Ren'ai Rd. & Xinsheng Rd. Intersection (Southwest),No. 110， Sec. 2， Ren'ai Rd.,1,2025-10-25 18:31:29,2025-10-25 18:31:52,2025-10-25 18:30:03,2025-10-25,18,3,25.03796,121.53261,14,2025-10-25 10:32:51.141129,10,5,1,2025-10-25,0.16666666666666666
500106124,YouBike2.0_幸安市場,中正區,2025-10-25 18:30:03,濟南路二段55號,Zhongzheng Dist,YouBike2.0_Xingan Market,No. 55， Sec. 2， Jinan Rd.,1,2025-10-25 18:31:29,2025-10-25 18:31:52,2025-10-25 18:30:03,2025-10-25,15,4,25.04032,121.53141,11,2025-10-25 10:32:51.141129,10,5,1,2025-10-25,0.26666666666666666
500106125,YouBike2.0_龍口市場,中正區,2025-10-25 17:10:03,汀州路一段232號對側,Zhongzheng Dist,YouBike2.0_LongKou Market,No. 232， Sec. 1， Tingzhou Rd. (Opposite),1,2025-10-25 18:31:29,2025-10-25 18:31:52,2025-10-25 17:10:03,2025-10-25,14,1,25.0275,121.51013,13,2025-10-25 10:32:51.141129,10,5,1,2025-10-25,0.07142857142857142
500106126,YouBike2.0_捷運善導寺站(5號出口),中正區,2025-10-25 18:30:03,忠孝東路一段138號,Zhongzheng Dist,YouBike2.0_MRT Shandao Temple Sta. (Exit 5),No. 138， Sec. 1， ZhongXiao E. Rd.,1,2025-10-25 18:31:29,2025-10-25 18:31:52,2025-10-25 18:30:03,2025-10-25,31,0,25.04418,121.52552,31,2025-10-25 10:32:51.141129,10,5,1,2025-10-25,0.0
500106127,YouBike2.0_青島杭州路口,中正區,2025-10-25 17:10:03,青島東路/杭州南路一段,Zhongzheng Dist,YouBike2.0_QingDao E. Rd. & HangZhou S. Rd. Intersection,QingDao E. Rd. & Sec. 1， HangZhou S. Rd. Intersection,1,2025-10-25 18:31:29,2025-10-25 18:31:52,2025-10-25 17:10:03,2025-10-25,17,6,25.04281,121.52629,11,2025-10-25 10:32:51.141129,10,5,1,2025-10-25,0.35294117647058826
500106128,YouBike2.0_詔安街37巷口,中正區,2025-10-25 18:30:03,詔安街43號前,Zhongzheng Dist,YouBike2.0_Ln. 37， ZhaoAn St.,No. 43， ZhaoAn St.,1,2025-10-25 18:31:29,2025-10-25 18:31:52,2025-10-25 18:30:03,2025-10-25,28,1,25.02542,121.51233,26,2025-10-25 10:32:51.141129,10,5,1,2025-10-25,0.03571428571428571
500106129,YouBike2.0_南海路112巷口,中正區,2025-10-25 17:10:03,南海路112巷1號前,Zhongzheng Dist,YouBike2.0_Ln. 112， NanHai Rd.,No. 1， Ln. 112， NanHai Rd.,1,2025-10-25 18:31:29,2025-10-25 18:31:52,2025-10-25 17:10:03,2025-10-25,31,8,25.02757,121.50771,23,2025-10-25 10:32:51.141129,10,5,1,2025-10-25,0.25806451612903225
500106130,YouBike2.0_牯嶺街95巷,中正區,2025-10-25 17:50:02,牯嶺街95巷65號對側,Zhongzheng Dist,YouBike2.0_Ln. 95， GuLing St.,No. 65， Ln. 95， GuLing St. (Opposite),1,2025-10-25 18:31:29,2025-10-25 18:31:52,2025-10-25 17:50:02,2025-10-25,16,12,25.0255,121.52067,4,2025-10-25 10:32:51.141129,10,5,1,2025-10-25,0.75
500106131,YouBike2.0_仁愛紹興路口(北側),中正區,2025-10-25 18:26:16,仁愛路一段43號前,Zhongzheng Dist,YouBike2.0_RenAi Rd. & ShaoXing S. St. Intersection (North),No. 43， Sec. 1， RenAi Rd.,1,2025-10-25 18:31:29,2025-10-25 18:31:52,2025-10-25 18:26:16,2025-10-25,23,2,25.03862,121.52385,21,2025-10-25 10:32:51.141129,10,5,1,2025-10-25,0.08695652173913043
500106132,YouBike2.0_貴陽博愛路口,中正區,2025-10-25 17:30:03,貴陽街與博愛路口南側,Zhongzheng Dist,YouBike2.0_GuiYang St. & BoAi Rd. Intersection,Sec. 1， GuiYang St. & BoAi Rd. Intersection (South),1,2025-10-25 18:31:29,2025-10-25 18:31:52,2025-10-25 17:30:03,2025-10-25,69,8,25.03896,121.51093,61,2025-10-25 10:32:51.141129,10,5,1,2025-10-25,0.11594202898550725
500106133,YouBike2.0_國立臺灣博物館南門館,中正區,2025-10-25 17:40:03,南昌路一段1號,Zhongzheng Dist,YouBike2.0_National Taiwan Museum : Nanmen Branch,No. 1， Sec. 1， NanChang Rd.,1,2025-10-25 18:31:29,2025-10-25 18:31:52,2025-10-25 17:40:03,2025-10-25,21,4,25.03351,121.5156,17,2025-10-25 10:32:51.141129,10,5,1,2025-10-25,0.19047619047619047
500106134,YouBike2.0_汀州路一段106巷口,中正區,2025-10-25 15:43:01,汀州路一段61號,Zhongzheng Dist,YouBike2.0_Ln. 106， Sec. 1， TingZhou Rd.,No. 61， Sec. 1， TingZhou Rd.,1,2025-10-25 18:31:29,2025-10-25 18:31:52,2025-10-25 15:43:01,2025-10-25,21,4,25.03008,121.50768,17,2025-10-25 10:32:51.141129,10,5,1,2025-10-25,0.19047619047619047
500106135,YouBike2.0_羅斯福路四段108巷口,中正區,2025-10-25 18:30:03,羅斯福路四段112號前,Zhongzheng Dist,YouBike2.0_Ln. 108， Sec. 4， Roosevelt Rd.,No. 112， Sec. 4， Roosevelt Rd.,1,2025-10-25 18:31:29,2025-10-25 18:31:52,2025-10-25 18:30:03,2025-10-25,20,6,25.01346,121.5355,14,2025-10-25 10:32:51.141129,10,5,1,2025-10-25,0.3
500106136,YouBike2.0_公館水岸廣場,中正區,2025-10-25 17:00:04,水源路與思源街口,Zhongzheng Dist,YouBike2.0_Gongguan Riverside Plaza,ShuiYuan Rd. & SiYuan St. Intersection,1,2025-10-25 18:31:29,2025-10-25 18:31:52,2025-10-25 17:00:04,2025-10-25,27,5,25.01193,121.52861,21,2025-10-25 10:32:51.141129,10,5,1,2025-10-25,0.18518518518518517
500106137,YouBike2.0_捷運小南門站(3號出口),中正區,2025-10-25 17:20:02,愛國西路26號(前),Zhongzheng Dist,YouBike2.0_MRT Xiaonanmen Sta. (Exit 3),No. 26， AiGuo W. Rd.,1,2025-10-25 18:31:29,2025-10-25 18:31:52,2025-10-25 17:20:02,2025-10-25,19,15,25.03532,121.51117,4,2025-10-25 10:32:51.141129,10,5,1,2025-10-25,0.7894736842105263
500106138,YouBike2.0_臨沂街停車場,中正區,2025-10-25 17:20:02,臨沂街6巷5號旁,Zhongzheng Dist,YouBike2.0_LinYi St. Car Park,No. 5， Ln. 6， LinYi St.,1,2025-10-25 18:31:29,2025-10-25 18:31:52,2025-10-25 17:20:02,2025-10-25,33,13,25.0426,121.53006,18,2025-10-25 10:32:51.141129,10,5,1,2025-10-25,0.3939393939393939
500106142,YouBike2.0_愛國東羅斯福路口,中正區,2025-10-25 17:40:03,愛國東路18號(旁),Zhongzheng Dist,YouBike2.0_AiGuo Rd. &RooSevelt Rd. Intersection,No. 18， AiGuo E. Rd.,1,2025-10-25 18:31:29,2025-10-25 18:31:52,2025-10-25 17:40:03,2025-10-25,24,5,25.03454,121.51733,19,2025-10-25 10:32:51.141129,10,5,1,2025-10-25,0.20833333333333334
500106143,YouBike2.0_螢橋國中,中正區,2025-10-25 13:50:05,汀州路三段4號(旁),Zhongzheng Dist,YouBike2.0_Ying Qiao Junior High School,No. 4， Sec. 3， TingZhou Rd.,1,2025-10-25 18:31:29,2025-10-25 18:31:52,2025-10-25 13:50:05,2025-10-25,18,7,25.01933,121.52582,11,2025-10-25 10:32:51.141129,10,5,1,2025-10-25,0.3888888888888889
500106144,YouBike2.0_立法院中興大樓,中正區,2025-10-25 17:20:02,濟南路一段3-1號,Zhongzheng Dist,YouBike2.0_Legislative Yuan Research Building,No. 3-1， Sec. 1， JinAn Rd.,1,2025-10-25 18:31:29,2025-10-25 18:31:52,2025-10-25 17:20:02,2025-10-25,13,4,25.04278,121.52119,9,2025-10-25 10:32:51.141129,10,5,1,2025-10-25,0.3076923076923077
500106145,YouBike2.0_汀州南海路口,中正區,2025-10-25 18:11:16,汀州路一段105號前,Zhongzheng Dist,YouBike2.0_TingZhou Rd. & NanHai Rd. Intersection,No. 105， Sec. 1， TingZhou Rd.,1,2025-10-25 18:31:29,2025-10-25 18:31:52,2025-10-25 18:11:16,2025-10-25,19,1,25.0288,121.50875,18,2025-10-25 10:32:51.141129,10,5,1,2025-10-25,0.05263157894736842
500107001,YouBike2.0_通北街65巷口,中山區,2025-10-25 18:30:03,通北街/通北街65巷口(東北側),Zhongshan Dist,YouBike2.0_Ln. 65， Tongbei St.,Tongbei /Ln. 65， Tongbei St. Intersection,1,2025-10-25 18:31:29,2025-10-25 18:31:52,2025-10-25 18:30:03,2025-10-25,16,3,25.08251,121.54004,13,2025-10-25 10:32:51.141129,10,5,1,2025-10-25,0.1875
500107002,YouBike2.0_圓山風景區,中山區,2025-10-25 15:50:04,北安路/北安路77巷口(西北側),Zhongshan Dist,YouBike2.0_Yuanshan Scenic Area,Bei'an Rd./Ln. 77， Bei'an Rd. Intersection,1,2025-10-25 18:31:29,2025-10-25 18:31:52,2025-10-25 15:50:04,2025-10-25,15,4,25.07805,121.5295,11,2025-10-25 10:32:51.141129,10,5,1,2025-10-25,0.26666666666666666
500107003,YouBike2.0_樂群二堤頂大道口,中山區,2025-10-25 18:07:18,堤頂大道二段382號(旁),Zhongshan Dist,YouBike2.0_Lequn 2nd & Tiding Blvd. Intersection,No. 382， Tiding Blvd.,1,2025-10-25 18:31:29,2025-10-25 18:31:52,2025-10-25 18:07:18,2025-10-25,20,13,25.0803,121.56251,7,2025-10-25 10:32:51.141129,10,5,1,2025-10-25,0.65
500107004,YouBike2.0_劍潭社區,中山區,2025-10-25 15:50:04,通北街146巷2弄2號(對面公園),Zhongshan Dist,YouBike2.0_Jiantan Community,No. 2， Aly. 2， Ln. 146， Tongbei St. (Opposite),1,2025-10-25 18:31:29,2025-10-25 18:31:52,2025-10-25 15:50:04,2025-10-25,13,6,25.08524,121.53748,7,2025-10-25 10:32:51.141129,10,5,1,2025-10-25,0.46153846153846156
500107005,YouBike2.0_培英公園,中山區,2025-10-25 16:00:02,崇實路/大直街62巷(東南側),Zhongshan Dist,YouBike2.0_Peiying Park,Chongshi/Ln. 62， Dajhih St. Intersection,1,2025-10-25 18:31:29,2025-10-25 18:31:52,2025-10-25 16:00:02,2025-10-25,40,8,25.08258,121.54462,32,2025-10-25 10:32:51.141129,10,5,1,2025-10-25,0.2
500107006,YouBike2.0_樂群二明水路口,中山區,2025-10-25 17:10:03,樂群二路/明水路口(東北側),Zhongshan Dist,YouBike2.0_Lequn 2nd & Mingshui Rd. Intersection,Lequn 2nd/Mingshui Rd. Intersection,1,2025-10-25 18:31:29,2025-10-25 18:31:52,2025-10-25 17:10:03,2025-10-25,20,15,25.08009,121.55226,5,2025-10-25 10:32:51.141129,10,5,1,2025-10-25,0.75
500107007,YouBike2.0_北安大直街口,中山區,2025-10-25 17:10:03,北安路676號前人行道,Zhongshan Dist,YouBike2.0_Bei'an & Dajhih St. Intersection,No. 676， Bei'an Rd.,1,2025-10-25 18:31:29,2025-10-25 18:31:52,2025-10-25 17:10:03,2025-10-25,63,38,25.08474,121.54968,23,2025-10-25 10:32:51.141129,10,5,1,2025-10-25,0.6031746031746031
500107008,YouBike2.0_捷運劍南路站(2號出口),中山區,2025-10-25 17:30:03,捷運劍南路站(2號出口)旁,Zhongshan Dist,YouBike2.0_MRT Jiannan Rd. Station (Exit 2),No. 11， Jingye 3rd Rd. (Opposite),1,2025-10-25 18:31:29,2025-10-25 18:31:52,2025-10-25 17:30:03,2025-10-25,40,22,25.084751813542,121.555090270105,18,2025-10-25 10:32:51.141129,10,5,1,2025-10-25,0.55
500107009,YouBike2.0_樂群二敬業三路口,中山區,2025-10-25 18:30:03,敬業三路155號(前),Zhongshan Dist,YouBike2.0_Lequn 2nd & Jingye 3rd Rd. Intersection,No. 155， Jingye 3rd Rd.,1,2025-10-25 18:31:29,2025-10-25 18:31:52,2025-10-25 18:30:03,2025-10-25,20,11,25.07985,121.55609,9,2025-10-25 10:32:51.141129,10,5,1,2025-10-25,0.55
500107010,YouBike2.0_樂群二敬業四路口,中山區,2025-10-25 17:40:03,樂群二路186號,Zhongshan Dist,YouBike2.0_Lequn 2nd & Jingye 4th Rd. Intersection,No. 186， Lecyun 2nd Rd.,1,2025-10-25 18:31:29,2025-10-25 18:31:52,2025-10-25 17:40:03,2025-10-25,36,25,25.07976,121.55813,7,2025-10-25 10:32:51.141129,10,5,1,2025-10-25,0.6944444444444444
500107011,YouBike2.0_捷運大直站(3號出口),中山區,2025-10-25 16:30:04,北安路536號(旁),Zhongshan Dist,YouBike2.0_Dazhi Station (Exit 3),No. 536， Bei'an Rd.,1,2025-10-25 18:31:29,2025-10-25 18:31:52,2025-10-25 16:30:04,2025-10-25,34,23,25.07923,121.5473,11,2025-10-25 10:32:51.141129,10,5,1,2025-10-25,0.6764705882352942
500107012,YouBike2.0_復興市民路口,中山區,2025-10-25 17:50:02,復興南路一段36-9號前人行道,Zhongshan Dist,YouBike2.0_Fuxing Rd. & Civic Blvd. Intersection,No. 36-9， Sec. 1， Fuxing S. Rd.,1,2025-10-25 18:31:29,2025-10-25 18:31:52,2025-10-25 17:50:02,2025-10-25,52,35,25.04585,121.54375,17,2025-10-25 10:32:51.141129,10,5,1,2025-10-25,0.6730769230769231
500107013,YouBike2.0_南京遼寧街口,中山區,2025-10-25 17:30:03,南京東路三段189號(對面),Zhongshan Dist,YouBike2.0_Nanjing Rd. & Liaoning St. Intersection,No. 189， Sec. 3， Nanjing E. Rd. (Opposite),1,2025-10-25 18:31:29,2025-10-25 18:31:52,2025-10-25 17:30:03,2025-10-25,42,24,25.05176,121.54217,18,2025-10-25 10:32:51.141129,10,5,1,2025-10-25,0.5714285714285714
500107014,YouBike2.0_伊通長安路口,中山區,2025-10-25 17:20:02,伊通街/長安東路二段(西南側路側),Zhongshan Dist,YouBike2.0_Yitong St. & Chang'an Rd. Intersection,Yitong St. & Sec. 2， Chang'an E Rd. Intersection (Southwest),1,2025-10-25 18:31:29,2025-10-25 18:31:52,2025-10-25 17:20:02,2025-10-25,21,7,25.04833,121.53469,14,2025-10-25 10:32:51.141129,10,5,1,2025-10-25,0.3333333333333333
500107015,YouBike2.0_新生長安路口,中山區,2025-10-25 16:20:04,新生北路一段/長安東路二段交叉口(北側),Zhongshan Dist,YouBike2.0_Xinsheng Rd. & Chang'an Rd. Intersection,Sec.1， Xinsheng N. Rd. & Sec. 2， Chang'an E Rd. Intersection (North),1,2025-10-25 18:31:29,2025-10-25 18:31:52,2025-10-25 16:20:04,2025-10-25,30,12,25.04861,121.52935,16,2025-10-25 10:32:51.141129,10,5,1,2025-10-25,0.4
500107016,YouBike2.0_市民林森路口,中山區,2025-10-25 17:00:04,市民大道二段/林森北路(東北側),Zhongshan Dist,YouBike2.0_Civic Blvd. & Linsen Rd. Intersection,Sec. 2， Civic Blvd. & Linsen N Rd. Intersection (NorthEast),1,2025-10-25 18:31:29,2025-10-25 18:31:52,2025-10-25 17:00:04,2025-10-25,69,5,25.04765,121.52589,62,2025-10-25 10:32:51.141129,10,5,1,2025-10-25,0.07246376811594203
500107017,YouBike2.0_南京新生路口,中山區,2025-10-25 15:39:02,新生北路一段/南京東路一段口(橋墩下方),Zhongshan Dist,YouBike2.0_Nanjing Rd. & Xinsheng Rd. Intersection,Sec.1， Xinsheng N. Rd. & Sec. 1， Nanjing E. Rd. Intersection (Under Bridge),1,2025-10-25 18:31:29,2025-10-25 18:31:52,2025-10-25 15:39:02,2025-10-25,34,7,25.05194,121.52766,25,2025-10-25 10:32:51.141129,10,5,1,2025-10-25,0.20588235294117646
500107018,YouBike2.0_一江公園,中山區,2025-10-25 17:40:03,一江街/松江路132巷口(西北側),Zhongshan Dist,YouBike2.0_Yijiang Park,Yijiang St. & Ln. 132， Songjiang Rd. Intersection (Northwest),1,2025-10-25 18:31:29,2025-10-25 18:31:52,2025-10-25 17:40:03,2025-10-25,37,9,25.05316,121.53146,28,2025-10-25 10:32:51.141129,10,5,1,2025-10-25,0.24324324324324326
500107019,YouBike2.0_松江公園,中山區,2025-10-25 18:30:03,松江路/松江路84巷(西北側路側),Zhongshan Dist,YouBike2.0_Songjiang Park,Songjiang Rd. & Ln. 84， Songjiang Rd. Intersection (Northwest),1,2025-10-25 18:31:29,2025-10-25 18:31:52,2025-10-25 18:30:03,2025-10-25,42,5,25.05025,121.53273,37,2025-10-25 10:32:51.141129,10,5,1,2025-10-25,0.11904761904761904
500107020,YouBike2.0_新生長春路口,中山區,2025-10-25 18:27:17,新生北路二段/新生北路二段68巷交叉口(新生橋下),Zhongshan Dist,YouBike2.0_Xinsheng Rd. & Changchun Rd. Intersection,Sec. 2， Xinsheng N. Rd. & Ln. 68 Intersection (Under Bridge),1,2025-10-25 18:31:29,2025-10-25 18:31:52,2025-10-25 18:27:17,2025-10-25,32,1,25.05639,121.52752,30,2025-10-25 10:32:51.141129,10,5,1,2025-10-25,0.03125
500107021,YouBike2.0_第二果菜批發市場,中山區,2025-10-25 17:40:03,民族東路410巷2弄18號(東側),Zhongshan Dist,YouBike2.0_The Second Wholesale Fruit and Vegetable Market,No. 18， Aly. 2， Ln. 410， Minzu E Rd. (East),1,2025-10-25 18:31:29,2025-10-25 18:31:52,2025-10-25 17:40:03,2025-10-25,40,6,25.06642,121.53735,32,2025-10-25 10:32:51.141129,10,5,1,2025-10-25,0.15
500107022,YouBike2.0_民生建國路口,中山區,2025-10-25 16:20:04,民生東路三段 / 建國北路二段口,Zhongshan Dist,YouBike2.0_Minsheng Rd. & Jianguo Rd. Intersection,Sec. 3， Minsheng E Rd. & Sec. 2， Jianguo N Rd. Intersection,1,2025-10-25 18:31:29,2025-10-25 18:31:52,2025-10-25 16:20:04,2025-10-25,47,3,25.05778,121.53692,44,2025-10-25 10:32:51.141129,10,5,1,2025-10-25,0.06382978723404255
500107023,YouBike2.0_興安華城,中山區,2025-10-25 18:30:03,興安街53-4號對側,Zhongshan Dist,YouBike2.0_Xing An Hua Cheng,No. 53-4， Xing'an St. (Opposite),1,2025-10-25 18:31:29,2025-10-25 18:31:52,2025-10-25 18:30:03,2025-10-25,62,15,25.05606,121.54175,47,2025-10-25 10:32:51.141129,10,5,1,2025-10-25,0.24193548387096775
500107024,YouBike2.0_捷運中山國中站,中山區,2025-10-25 18:30:03,復興北路386號南側,Zhongshan Dist,YouBike2.0_MRT Zhongshan Junior High School Sta.,No. 386， Fuxing N Rd. (South),1,2025-10-25 18:31:29,2025-10-25 18:31:52,2025-10-25 18:30:03,2025-10-25,61,38,25.06106,121.54406,23,2025-10-25 10:32:51.141129,10,5,1,2025-10-25,0.6229508196721312
500107025,YouBike2.0_龍江錦州街口,中山區,2025-10-25 18:27:17,龍江路287號前方,Zhongshan Dist,YouBike2.0_Long Jiang Rd. & Jinzhou St. Intersection,No. 287， Long Jiang Rd.,1,2025-10-25 18:31:29,2025-10-25 18:31:52,2025-10-25 18:27:17,2025-10-25,16,15,25.06045,121.54077,1,2025-10-25 10:32:51.141129,10,5,1,2025-10-25,0.9375
500107026,YouBike2.0_建國長春路口,中山區,2025-10-25 14:20:03,建國北路/長春路口(南側),Zhongshan Dist,YouBike2.0_Jianguo Rd. & Changchun Rd. Intersection,Jianguo N Rd. & Changchun Rd. Intersection (South),1,2025-10-25 18:31:29,2025-10-25 18:31:52,2025-10-25 14:20:03,2025-10-25,16,1,25.05469,121.53686,14,2025-10-25 10:32:51.141129,10,5,1,2025-10-25,0.0625
500107027,YouBike2.0_南京建國路口,中山區,2025-10-25 16:47:02,南京東路二段/建國北路二段(北側),Zhongshan Dist,YouBike2.0_Nanjing E Rd. & Jianguo Rd. Intersection,Sec. 2， Nanjing E Rd. & Sec. 2， Jianguo N Rd. Intersection (North),1,2025-10-25 18:31:29,2025-10-25 18:31:52,2025-10-25 16:47:02,2025-10-25,57,42,25.05214,121.5368,14,2025-10-25 10:32:51.141129,10,5,1,2025-10-25,0.7368421052631579
500107028,YouBike2.0_捷運松江南京站(7號出口),中山區,2025-10-25 18:30:03,松江路119號前,Zhongshan Dist,YouBike2.0_MRT Songjiang Nanjing Sta. (Exit 7),No. 119， Songjiang Rd.,1,2025-10-25 18:31:29,2025-10-25 18:31:52,2025-10-25 18:30:03,2025-10-25,75,25,25.05246,121.5332,50,2025-10-25 10:32:51.141129,10,5,1,2025-10-25,0.3333333333333333
500107029,YouBike2.0_朱崙商場,中山區,2025-10-25 17:40:03,龍江路15號前,Zhongshan Dist,YouBike2.0_Zhulun Market,No. 15， Long Jiang Rd.,1,2025-10-25 18:31:29,2025-10-25 18:31:52,2025-10-25 17:40:03,2025-10-25,37,12,25.04762,121.54043,25,2025-10-25 10:32:51.141129,10,5,1,2025-10-25,0.32432432432432434
500107030,YouBike2.0_中吉公園,中山區,2025-10-25 16:40:02,松江路170巷20號對側,Zhongshan Dist,YouBike2.0_Zhongji Park,No. 22， Ln. 170， Songjiang Rd， (Opposite),1,2025-10-25 18:31:29,2025-10-25 18:31:52,2025-10-25 16:40:02,2025-10-25,30,9,25.05604,121.53166,20,2025-10-25 10:32:51.141129,10,5,1,2025-10-25,0.3
500107031,YouBike2.0_華山公園,中山區,2025-10-25 16:30:04,市民大道與長安東路一段52巷口,Zhongshan Dist,YouBike2.0_Huashan Park,Civic Blvd. & Ln. 52， Sec. 1， Chang'an E Rd. Intersection,1,2025-10-25 18:31:29,2025-10-25 18:31:52,2025-10-25 16:30:04,2025-10-25,19,1,25.0471,121.5277,17,2025-10-25 10:32:51.141129,10,5,1,2025-10-25,0.05263157894736842
500107032,YouBike2.0_建國北路一段17巷,中山區,2025-10-25 15:50:04,建國北路一段17巷/八德路二段137巷口,Zhongshan Dist,YouBike2.0_Ln. 17， Sec. 1， Jianguo N. Rd.,Ln. 17， Sec. 1， Jianguo N. Rd. & Ln. 137， Sec. 2， Bade Rd. Intersection,1,2025-10-25 18:31:29,2025-10-25 18:31:52,2025-10-25 15:50:04,2025-10-25,45,17,25.04699,121.53735,26,2025-10-25 10:32:51.141129,10,5,1,2025-10-25,0.37777777777777777
500107033,YouBike2.0_江寧公園,中山區,2025-10-25 17:50:02,建國北路二段151巷30號,Zhongshan Dist,YouBike2.0_Jiangning Park,No. 137， Hejiang St. (Opposite),1,2025-10-25 18:31:29,2025-10-25 18:31:52,2025-10-25 17:50:02,2025-10-25,16,7,25.0617,121.53925,9,2025-10-25 10:32:51.141129,10,5,1,2025-10-25,0.4375
500107034,YouBike2.0_民權龍江路口,中山區,2025-10-25 17:50:02,民權東路三段與龍江路口東南側,Zhongshan Dist,YouBike2.0_Minquan E. Rd. & Long Jiang Rd. Intersection,Sec. 3， Minquan E. Rd. & Long Jiang Rd. Intersection (Southeast),1,2025-10-25 18:31:29,2025-10-25 18:31:52,2025-10-25 17:50:02,2025-10-25,32,10,25.06225,121.54107,21,2025-10-25 10:32:51.141129,10,5,1,2025-10-25,0.3125
500107035,YouBike2.0_捷運中山國小站(2號出口),中山區,2025-10-25 17:10:03,捷運中山國小站(2號出口)後方,Zhongshan Dist,YouBike2.0_MRT Zhongshan Elementary School Sta. (Exit 2),MRT Zhongshan Elementary School Sta. (Exit 2) (Back),1,2025-10-25 18:31:29,2025-10-25 18:31:52,2025-10-25 17:10:03,2025-10-25,79,52,25.06246,121.52705,26,2025-10-25 10:32:51.141129,10,5,1,2025-10-25,0.6582278481012658
500107036,YouBike2.0_捷運行天宮站(3號出口),中山區,2025-10-25 18:30:03,松江路261號前,Zhongshan Dist,YouBike2.0_MRT Xingtian Temple Sta. (Exit 3),No. 261， Songjiang Rd.,1,2025-10-25 18:31:29,2025-10-25 18:31:52,2025-10-25 18:30:03,2025-10-25,48,6,25.05992,121.5333,41,2025-10-25 10:32:51.141129,10,5,1,2025-10-25,0.125
500107037,YouBike2.0_林森農安街口,中山區,2025-10-25 17:40:03,林森北路582號(前),Zhongshan Dist,YouBike2.0_Linsen Rd. & Nong'an St. Intersection,No. 582， Linsen N. Rd.,1,2025-10-25 18:31:29,2025-10-25 18:31:52,2025-10-25 17:40:03,2025-10-25,23,3,25.06531,121.52565,20,2025-10-25 10:32:51.141129,10,5,1,2025-10-25,0.13043478260869565
500107038,YouBike2.0_捷運中山國小站(4號出口),中山區,2025-10-25 17:50:02,民權東路一段/民權東路一段71巷口,Zhongshan Dist,YouBike2.0_MRT Zhongshan Elementary School Sta. (Exit 4),Sec. 1， Minquan E. Rd. & Ln. 71， Sec. 1， Minquan E. Rd. Intersection,1,2025-10-25 18:31:29,2025-10-25 18:31:52,2025-10-25 17:50:02,2025-10-25,20,4,25.06283,121.52697,15,2025-10-25 10:32:51.141129,10,5,1,2025-10-25,0.2
500107039,YouBike2.0_農安雙城街口,中山區,2025-10-25 17:30:03,農安街12-1號前方,Zhongshan Dist,YouBike2.0_Nong'an St. & Shuangcheng St. Intersection,No. 12-1， Nong'an St.,1,2025-10-25 18:31:29,2025-10-25 18:31:52,2025-10-25 17:30:03,2025-10-25,15,4,25.06491,121.52449,10,2025-10-25 10:32:51.141129,10,5,1,2025-10-25,0.26666666666666666
500107040,YouBike2.0_新生德惠街口,中山區,2025-10-25 16:40:02,新生北路三段76號對側,Zhongshan Dist,YouBike2.0_Xinsheng Rd. & Dehui St. Intersection,No. 76， Sec. 3， Xinsheng N. Rd. (Opposite),1,2025-10-25 18:31:29,2025-10-25 18:31:52,2025-10-25 16:40:02,2025-10-25,35,5,25.06652,121.52762,29,2025-10-25 10:32:51.141129,10,5,1,2025-10-25,0.14285714285714285
500107041,YouBike2.0_民族林森路口,中山區,2025-10-25 15:48:01,民族東路17號前,Zhongshan Dist,YouBike2.0_Minzu Rd. & Linsen Rd. Intersection,No. 17， Minzu E. Rd.,1,2025-10-25 18:31:29,2025-10-25 18:31:52,2025-10-25 15:48:01,2025-10-25,58,8,25.06847,121.52559,49,2025-10-25 10:32:51.141129,10,5,1,2025-10-25,0.13793103448275862
500107042,YouBike2.0_臺北市立美術館,中山區,2025-10-25 17:40:03,花博公園5號出入口旁,Zhongshan Dist,YouBike2.0_Taipei Fine Arts Museum,Taipei EXPO Park Yuanshan Gate 5,1,2025-10-25 18:31:29,2025-10-25 18:31:52,2025-10-25 17:40:03,2025-10-25,24,6,25.06987,121.52291,18,2025-10-25 10:32:51.141129,10,5,1,2025-10-25,0.25
500107043,YouBike2.0_中山民族路口,中山區,2025-10-25 18:04:15,中山北路三段54號前,Zhongshan Dist,YouBike2.0_Zhongshan Rd. & Minzu Rd. Intersection,No. 54， Sec. 3， Zhongshan N. Rd.,1,2025-10-25 18:31:29,2025-10-25 18:31:52,2025-10-25 18:04:15,2025-10-25,16,15,25.06816,121.52265,1,2025-10-25 10:32:51.141129,10,5,1,2025-10-25,0.9375
500107044,YouBike2.0_新生高架停車場(林森北路107巷口),中山區,2025-10-25 18:30:03,新生北路一段與林森北路107巷口(新生高架橋下),Zhongshan Dist,YouBike2.0_Xinsheng Elevated Parking Lot (Ln. 107， Linsen N. Rd.),Sec. 1， Xinsheng N. Rd. & Ln. 107， Linsen N. Rd. (Under Xinsheng Elevated Bridge),1,2025-10-25 18:31:29,2025-10-25 18:31:52,2025-10-25 18:30:03,2025-10-25,14,1,25.04983,121.52853,12,2025-10-25 10:32:51.141129,10,5,1,2025-10-25,0.07142857142857142
500107045,YouBike2.0_南京林森路口(東南側),中山區,2025-10-25 18:11:16,南京東路一段86號前,Zhongshan Dist,YouBike2.0_Nanjing E. Rd.,No. 86， Sec. 1， Nanjing E. Rd.,1,2025-10-25 18:31:29,2025-10-25 18:31:52,2025-10-25 18:11:16,2025-10-25,10,6,25.05201,121.52556,4,2025-10-25 10:32:51.141129,10,5,1,2025-10-25,0.6
500107046,YouBike2.0_仁德公園,中山區,2025-10-25 17:30:03,吉林路108巷與南京東路二段21巷口東南側,Zhongshan Dist,YouBike2.0_Rende Park,Ln. 108， Jilin Rd. & Ln.21 ， Sec. 2， Nanjing E. Rd. Intersection (Southeast),1,2025-10-25 18:31:29,2025-10-25 18:31:52,2025-10-25 17:30:03,2025-10-25,18,7,25.05337,121.5289,10,2025-10-25 10:32:51.141129,10,5,1,2025-10-25,0.3888888888888889
500107047,YouBike2.0_中原公園,中山區,2025-10-25 17:14:15,新生北路二段45巷(中原公園西側),Zhongshan Dist,YouBike2.0_Zhongyuan Park,Ln. 45， Sec. 2， Xinsheng N. Rd. (Zhongyuan Park West),1,2025-10-25 18:31:29,2025-10-25 18:31:52,2025-10-25 17:14:15,2025-10-25,15,3,25.05583,121.52821,11,2025-10-25 10:32:51.141129,10,5,1,2025-10-25,0.2
500107048,YouBike2.0_下埤公園,中山區,2025-10-25 17:30:03,民族東路512巷13弄4號,Zhongshan Dist,YouBike2.0_Xiapi Park,No. 4， Aly. 13， Ln. 512， Minzu E. Rd.,1,2025-10-25 18:31:29,2025-10-25 18:31:52,2025-10-25 17:30:03,2025-10-25,33,8,25.06682,121.54213,25,2025-10-25 10:32:51.141129,10,5,1,2025-10-25,0.24242424242424243
500107049,YouBike2.0_五常國中,中山區,2025-10-25 15:50:04,復興北路488巷2弄5號對側,Zhongshan Dist,YouBike2.0_Wuchang Junior High School,No. 5， Aly. 2， Ln. 488， Fuxing N. Rd. (Opposite),1,2025-10-25 18:31:29,2025-10-25 18:31:52,2025-10-25 15:50:04,2025-10-25,16,7,25.06505,121.54366,9,2025-10-25 10:32:51.141129,10,5,1,2025-10-25,0.4375
500107050,YouBike2.0_榮星花園,中山區,2025-10-25 16:47:02,五常街77號對側,Zhongshan Dist,YouBike2.0_Rongxing Garden,No. 77， Wuchang St. (Opposite),1,2025-10-25 18:31:29,2025-10-25 18:31:52,2025-10-25 16:47:02,2025-10-25,46,15,25.06424,121.54037,27,2025-10-25 10:32:51.141129,10,5,1,2025-10-25,0.32608695652173914
500107051,YouBike2.0_民權建國路口,中山區,2025-10-25 16:40:02,民權東路三段/建國北路三段口(東北側),Zhongshan Dist,YouBike2.0_Minquan Rd. & Jianguo N. Rd. Intersection,Sec. 3， Minquan E. Rd. & Sec. 3， Jianguo N. Rd. Intersection (Northeast),1,2025-10-25 18:31:29,2025-10-25 18:31:52,2025-10-25 16:40:02,2025-10-25,50,2,25.06251,121.53765,48,2025-10-25 10:32:51.141129,10,5,1,2025-10-25,0.04
500107052,YouBike2.0_松江路431巷口,中山區,2025-10-25 16:20:18,松江路433號前,Zhongshan Dist,YouBike2.0_Ln. 431， Songshan Rd. Intersection,No. 433， Songjiang Rd.,1,2025-10-25 18:31:29,2025-10-25 18:31:52,2025-10-25 16:20:18,2025-10-25,15,2,25.06585,121.53338,12,2025-10-25 10:32:51.141129,10,5,1,2025-10-25,0.13333333333333333
500107053,YouBike2.0_新喜公園,中山區,2025-10-25 16:20:04,德惠街170巷22號對側,Zhongshan Dist,YouBike2.0_Xinxi Park,No. 22， Ln. 170， Dehuei St. (Opposite),1,2025-10-25 18:31:29,2025-10-25 18:31:52,2025-10-25 16:20:04,2025-10-25,13,5,25.06533,121.53177,8,2025-10-25 10:32:51.141129,10,5,1,2025-10-25,0.38461538461538464
500107054,YouBike2.0_吉林路407巷口,中山區,2025-10-25 18:29:15,吉林路401號前,Zhongshan Dist,YouBike2.0_Ln. 407， Jilin Rd. Intersection,No. 401， Jilin Rd,1,2025-10-25 18:31:29,2025-10-25 18:31:52,2025-10-25 18:29:15,2025-10-25,15,2,25.06595,121.53041,10,2025-10-25 10:32:51.141129,10,5,1,2025-10-25,0.13333333333333333
500107055,YouBike2.0_民族松江路口,中山區,2025-10-25 17:40:16,民族東路與松江路口西北側,Zhongshan Dist,YouBike2.0_Minzu Rd. & Songjiang Rd. Intersection,Minzu E. Rd. & Songjiang Rd. Intersection (Northwest),1,2025-10-25 18:31:29,2025-10-25 18:31:52,2025-10-25 17:40:16,2025-10-25,17,15,25.06833,121.5328,2,2025-10-25 10:32:51.141129,10,5,1,2025-10-25,0.8823529411764706
500107056,YouBike2.0_林安泰古厝,中山區,2025-10-25 16:50:04,濱江街5號對側,Zhongshan Dist,YouBike2.0_Lin An Tai Historical House,No. 5， Binjiang St. (Opposite),1,2025-10-25 18:31:29,2025-10-25 18:31:52,2025-10-25 16:50:04,2025-10-25,36,13,25.07154,121.53058,22,2025-10-25 10:32:51.141129,10,5,1,2025-10-25,0.3611111111111111
500107058,YouBike2.0_渭水八德路口,中山區,2025-10-25 16:57:14,渭水路54號對側,Zhongshan Dist,YouBike2.0_Weishuei Rd. & Bade Rd. Intersection,No. 54， Weishuei Rd. (Opposite),1,2025-10-25 18:31:29,2025-10-25 18:31:52,2025-10-25 16:57:14,2025-10-25,23,2,25.04573,121.53508,21,2025-10-25 10:32:51.141129,10,5,1,2025-10-25,0.08695652173913043
500107059,YouBike2.0_捷運中山站(2號出口),中山區,2025-10-25 17:40:03,南京西路4號前,Zhongshan Dist,YouBike2.0_MRT Zhongshan Sta. (Exit 2),No. 4， Nanjing W. Rd.,1,2025-10-25 18:31:29,2025-10-25 18:31:52,2025-10-25 17:40:03,2025-10-25,33,29,25.05228,121.52176,3,2025-10-25 10:32:51.141129,10,5,1,2025-10-25,0.8787878787878788
500107060,YouBike2.0_撫順公園,中山區,2025-10-25 17:20:02,中山北路三段2號對側,Zhongshan Dist,YouBike2.0_Fushun Park,No. 2， Sec. 3， Jhongshan N. Rd. (Opposite),1,2025-10-25 18:31:29,2025-10-25 18:31:52,2025-10-25 17:20:02,2025-10-25,30,6,25.06416,121.52203,23,2025-10-25 10:32:51.141129,10,5,1,2025-10-25,0.2
500107061,YouBike2.0_新生公園,中山區,2025-10-25 17:50:02,民族東路/吉林路口(西北側),Zhongshan Dist,YouBike2.0_Xinsheng Park,Minzu E. Rd & Jilin Rd. Intersection (Northwest),1,2025-10-25 18:31:29,2025-10-25 18:31:52,2025-10-25 17:50:02,2025-10-25,29,9,25.06839,121.53032,19,2025-10-25 10:32:51.141129,10,5,1,2025-10-25,0.3103448275862069
500107062,YouBike2.0_捷運行天宮站(1號出口),中山區,2025-10-25 18:30:03,松江路230號前,Zhongshan Dist,YouBike2.0_MRT Xingtian Temple Sta. (Exit 1),No. 230， Songjiang Rd.,1,2025-10-25 18:31:29,2025-10-25 18:31:52,2025-10-25 18:30:03,2025-10-25,49,13,25.05867,121.53305,34,2025-10-25 10:32:51.141129,10,5,1,2025-10-25,0.2653061224489796
500107063,YouBike2.0_林森長春路口,中山區,2025-10-25 17:40:03,長春路29號前,Zhongshan Dist,YouBike2.0_Linsen & Changchun Intersection,No. 29， Changchun Rd.,1,2025-10-25 18:31:29,2025-10-25 18:31:52,2025-10-25 17:40:03,2025-10-25,28,14,25.05497,121.52536,14,2025-10-25 10:32:51.141129,10,5,1,2025-10-25,0.5
500107064,YouBike2.0_建國農安街口,中山區,2025-10-25 16:20:04,建國北路/農安街口(建國橋下),Zhongshan Dist,YouBike2.0_Jianguo & Nong'an Intersection,Jianguo N. Rd. & Nong'an St. Intersection,1,2025-10-25 18:31:29,2025-10-25 18:31:52,2025-10-25 16:20:04,2025-10-25,80,13,25.06503,121.53678,66,2025-10-25 10:32:51.141129,10,5,1,2025-10-25,0.1625
500107065,YouBike2.0_松江路77巷口,中山區,2025-10-25 16:45:16,松江路77巷口,Zhongshan Dist,YouBike2.0_Ln. 77， Songjiang Rd.,Ln. 77， Songjiang Rd.,1,2025-10-25 18:31:29,2025-10-25 18:31:52,2025-10-25 16:45:16,2025-10-25,10,9,25.04985,121.53312,1,2025-10-25 10:32:51.141129,10,5,1,2025-10-25,0.9
500107066,YouBike2.0_建國長安路口,中山區,2025-10-25 17:00:04,建國北路一段與長安東路二段口北側,Zhongshan Dist,YouBike2.0_Jianguo & Chang'an Intersection,Sec. 1， Jianguo N. Rd. & Sec. 2， Chang'an E. Rd. Intersection (North),1,2025-10-25 18:31:29,2025-10-25 18:31:52,2025-10-25 17:00:04,2025-10-25,20,14,25.04836,121.53669,6,2025-10-25 10:32:51.141129,10,5,1,2025-10-25,0.7
500107067,YouBike2.0_市民新生路口,中山區,2025-10-25 17:50:02,新生北路一段36號前,Zhongshan Dist,YouBike2.0_Civic & Xinsheng Intersection,No. 36， Sec. 1， Xinsheng N. Rd.,1,2025-10-25 18:31:29,2025-10-25 18:31:52,2025-10-25 17:50:02,2025-10-25,15,4,25.04611,121.53193,11,2025-10-25 10:32:51.141129,10,5,1,2025-10-25,0.26666666666666666
500107068,YouBike2.0_民權吉林路口,中山區,2025-10-25 18:30:03,民權東路二段51號前,Zhongshan Dist,YouBike2.0_Minquan & Jilin Intersection,No. 51， Sec. 2， Minquan E. Rd.,1,2025-10-25 18:31:29,2025-10-25 18:31:52,2025-10-25 18:30:03,2025-10-25,15,6,25.06269,121.53061,9,2025-10-25 10:32:51.141129,10,5,1,2025-10-25,0.4
500107069,YouBike2.0_中山農安街口,中山區,2025-10-25 17:40:03,中山北路三段25號前,Zhongshan Dist,YouBike2.0_Zhongshan Rd. & Nong'an St. Intersection,No. 25， Sec. 3， Zhongshan N. Rd.,1,2025-10-25 18:31:29,2025-10-25 18:31:52,2025-10-25 17:40:03,2025-10-25,29,3,25.0651,121.5224,25,2025-10-25 10:32:51.141129,10,5,1,2025-10-25,0.10344827586206896
500107070,YouBike2.0_捷運行政大樓,中山區,2025-10-25 17:10:03,中山北路二段48巷7號前,Zhongshan Dist,YouBike2.0_MRT Administration Building,No. 7， Ln. 48， Sec. 2， Zhongshan N. Rd,1,2025-10-25 18:31:29,2025-10-25 18:31:52,2025-10-25 17:10:03,2025-10-25,14,6,25.05575,121.52168,8,2025-10-25 10:32:51.141129,10,5,1,2025-10-25,0.42857142857142855
500107071,YouBike2.0_中吉公園(松江路188巷),中山區,2025-10-25 13:50:05,松江路188巷11號對側,Zhongshan Dist,YouBike2.0_Zhongji Park(Ln. 188， Songjiang Rd.),No. 11， Ln. 188， Songjiang Rd. (Opposite),1,2025-10-25 18:31:29,2025-10-25 18:31:52,2025-10-25 13:50:05,2025-10-25,22,11,25.0568,121.53191,9,2025-10-25 10:32:51.141129,10,5,1,2025-10-25,0.5
500107072,YouBike2.0_吉林路123巷口,中山區,2025-10-25 16:40:02,吉林路125號前,Zhongshan Dist,YouBike2.0_Ln. 123， Jilin Rd.,No. 125， Jilin Rd.,1,2025-10-25 18:31:29,2025-10-25 18:31:52,2025-10-25 16:40:02,2025-10-25,22,2,25.05731,121.53021,19,2025-10-25 10:32:51.141129,10,5,1,2025-10-25,0.09090909090909091
500107075,YouBike2.0_國立臺北大學(臺北校區),中山區,2025-10-25 17:50:02,民生東路三段67號前,Zhongshan Dist,YouBike2.0_National Taipei University(Taipei Canpus),No. 67， Sec. 3， Minsheng E. Rd.,1,2025-10-25 18:31:29,2025-10-25 18:31:52,2025-10-25 17:50:02,2025-10-25,38,25,25.05806,121.54304,12,2025-10-25 10:32:51.141129,10,5,1,2025-10-25,0.6578947368421053
500107076,YouBike2.0_錦州吉林路口,中山區,2025-10-25 17:40:03,錦州街174號前,Zhongshan Dist,YouBike2.0_Jinzhou St. & Jilin Rd. Intersection,No. 174， Jinzhou St.,1,2025-10-25 18:31:29,2025-10-25 18:31:52,2025-10-25 17:40:03,2025-10-25,30,14,25.06028,121.52991,14,2025-10-25 10:32:51.141129,10,5,1,2025-10-25,0.4666666666666667
500107078,YouBike2.0_永盛公園(民生東路一段23巷),中山區,2025-10-25 18:18:16,民生東路一段23巷/民生東路一段27巷口,Zhongshan Dist,YouBike2.0_Yongsheng Park(Ln. 23， Sec. 1， Minsheng E. Rd.),Ln. 23， Sec. 1， Minsheng E. Rd. & Ln. 27， Sec. 1， Minsheng E. Rd. Intersection,1,2025-10-25 18:31:29,2025-10-25 18:31:52,2025-10-25 18:18:16,2025-10-25,24,20,25.05873,121.52488,3,2025-10-25 10:32:51.141129,10,5,1,2025-10-25,0.8333333333333334
500107079,YouBike2.0_新生錦州街口,中山區,2025-10-25 18:30:03,新生北路二段100號前,Zhongshan Dist,YouBike2.0_Xinsheng Rd. & Jinzhou St. Intersection,No. 100， Sec. 2， Xinsheng N. Rd.,1,2025-10-25 18:31:29,2025-10-25 18:31:52,2025-10-25 18:30:03,2025-10-25,20,2,25.05955,121.52744,18,2025-10-25 10:32:51.141129,10,5,1,2025-10-25,0.1
500107080,YouBike2.0_濱江街199巷口,中山區,2025-10-25 18:15:30,濱江街199巷(八號疏散門前),Zhongshan Dist,YouBike2.0_Ln. 199， Binjiang St.,Ln. 199， Binjiang St.,1,2025-10-25 18:31:29,2025-10-25 18:31:52,2025-10-25 18:15:30,2025-10-25,15,1,25.0734,121.53985,13,2025-10-25 10:32:51.141129,10,5,1,2025-10-25,0.06666666666666667
500107081,YouBike2.0_大佳社區公園,中山區,2025-10-25 18:12:15,濱江街154巷對側,Zhongshan Dist,YouBike2.0_Dajia Community Park,Ln. 154， Binjiang St. (Opposite),1,2025-10-25 18:31:29,2025-10-25 18:31:52,2025-10-25 18:12:15,2025-10-25,15,5,25.07275,121.5373,9,2025-10-25 10:32:51.141129,10,5,1,2025-10-25,0.3333333333333333
500107082,YouBike2.0_濱江果菜市場,中山區,2025-10-25 16:50:04,民族東路336號前,Zhongshan Dist,YouBike2.0_Binjiang Fruit and Vegetable Wholesale Market,No. 336， Minzu E. Rd.,1,2025-10-25 18:31:29,2025-10-25 18:31:52,2025-10-25 16:50:04,2025-10-25,22,5,25.06807,121.53673,17,2025-10-25 10:32:51.141129,10,5,1,2025-10-25,0.22727272727272727
500107083,YouBike2.0_興安合江路口,中山區,2025-10-25 17:47:16,興安街60號對側,Zhongshan Dist,YouBike2.0_Xing'an St. & Hejiang St. Intersection,No. 60， Xing'an St. (Opposite),1,2025-10-25 18:31:29,2025-10-25 18:31:52,2025-10-25 17:47:16,2025-10-25,29,1,25.05619,121.53949,25,2025-10-25 10:32:51.141129,10,5,1,2025-10-25,0.034482758620689655
500107084,YouBike2.0_復興北路514巷口東側,中山區,2025-10-25 18:30:03,復興北路514巷66號前側,Zhongshan Dist,YouBike2.0_Fuxing Rd. & Longjiang Rd. Intersection,No. 66， Ln. 514， Fuxing N. Rd.,1,2025-10-25 18:31:29,2025-10-25 18:31:52,2025-10-25 18:30:03,2025-10-25,12,8,25.06597,121.54117,3,2025-10-25 10:32:51.141129,10,5,1,2025-10-25,0.6666666666666666
500107085,YouBike2.0_台泥大樓,中山區,2025-10-25 18:15:30,中山北路二段113-133號前,Zhongshan Dist,YouBike2.0_TCC Building,No. 113-133， Sec. 2， Zhongshan N. Rd.,1,2025-10-25 18:31:29,2025-10-25 18:31:52,2025-10-25 18:15:30,2025-10-25,20,0,25.06142,121.52305,18,2025-10-25 10:32:51.141129,10,5,1,2025-10-25,0.0
500107086,YouBike2.0_植福樂群路口,中山區,2025-10-25 14:10:04,植福路/樂群三路(西北側),Zhongshan Dist,YouBike2.0_Zhifu Rd. & Lequn Rd. Intersection,Zhifu Rd. & Lequn 3rd Rd. Intersection (Northwest),1,2025-10-25 18:31:29,2025-10-25 18:31:52,2025-10-25 14:10:04,2025-10-25,10,4,25.08303,121.5604,6,2025-10-25 10:32:51.141129,10,5,1,2025-10-25,0.4
500107087,YouBike2.0_新興公園,中山區,2025-10-25 17:50:02,錦州街13巷/中山北路二段137巷口(東南側),Zhongshan Dist,YouBike2.0_Xinxing Park,Ln. 13， Jinzhou St. & Ln. 137， Sec. 2， Zhongshan N. Rd. Intersection (Southeast),1,2025-10-25 18:31:29,2025-10-25 18:31:52,2025-10-25 17:50:02,2025-10-25,26,10,25.06157,121.52439,16,2025-10-25 10:32:51.141129,10,5,1,2025-10-25,0.38461538461538464
500107088,YouBike2.0_南京伊通街口,中山區,2025-10-25 17:24:20,南京東路二段178-1號,Zhongshan Dist,YouBike2.0_Nanjing Rd. & Yitong St. Intersection,No. 178-1， Sec. 2， Nanjing E. Rd.,1,2025-10-25 18:31:29,2025-10-25 18:31:52,2025-10-25 17:24:20,2025-10-25,11,1,25.05189,121.53517,9,2025-10-25 10:32:51.141129,10,5,1,2025-10-25,0.09090909090909091
500107089,YouBike2.0_南京龍江路口,中山區,2025-10-25 18:30:03,南京東路三段121號前,Zhongshan Dist,YouBike2.0_Nanjing Rd. & Longjiang Rd. Intersection,No. 121， Sec. 3， Nanjing E. Rd.,1,2025-10-25 18:31:29,2025-10-25 18:31:52,2025-10-25 18:30:03,2025-10-25,24,14,25.05205,121.54012,8,2025-10-25 10:32:51.141129,10,5,1,2025-10-25,0.5833333333333334
500107090,YouBike2.0_撫順街41巷(崇德宮前),中山區,2025-10-25 15:43:01,撫順街41巷1-7號對側,Zhongshan Dist,YouBike2.0_Ln. 41， Fushun St. (Chongde Temple),No. 1-7， Ln. 41， Fushun St.,1,2025-10-25 18:31:29,2025-10-25 18:31:52,2025-10-25 15:43:01,2025-10-25,19,4,25.06389,121.51916,15,2025-10-25 10:32:51.141129,10,5,1,2025-10-25,0.21052631578947367
500107091,YouBike2.0_臺北市立圖書館大直分館,中山區,2025-10-25 16:20:04,大直街28號對側,Zhongshan Dist,YouBike2.0_Taipei Public Library Dazhi Branch,No. 28， Dazhi St. (Opposite),1,2025-10-25 18:31:29,2025-10-25 18:31:52,2025-10-25 16:20:04,2025-10-25,20,10,25.08152,121.54646,8,2025-10-25 10:32:51.141129,10,5,1,2025-10-25,0.5
500107092,YouBike2.0_捷運大直站(1號出口),中山區,2025-10-25 17:10:03,北安路535之2號旁,Zhongshan Dist,YouBike2.0_MRT Dazhi Sta. (Exit 1),No. 535-2， Bei'an Rd.,1,2025-10-25 18:31:29,2025-10-25 18:31:52,2025-10-25 17:10:03,2025-10-25,27,17,25.0801,121.54708,7,2025-10-25 10:32:51.141129,10,5,1,2025-10-25,0.6296296296296297
500107093,YouBike2.0_捷運松江南京站(4號出口),中山區,2025-10-25 17:50:02,松江路95-1至109號前方,Zhongshan Dist,YouBike2.0_MRT Songjiang Nanjing Sta. (Exit 4),No.109， Songjiang Rd.,1,2025-10-25 18:31:29,2025-10-25 18:31:52,2025-10-25 17:50:02,2025-10-25,32,10,25.0512,121.53312,22,2025-10-25 10:32:51.141129,10,5,1,2025-10-25,0.3125
500107095,YouBike2.0_中429公園,中山區,2025-10-25 08:20:03,敬業三路177巷南側,Zhongshan Dist,YouBike2.0_hong 429 Park,Ln. 177， Jingye 3rd Rd. (South),1,2025-10-25 18:31:29,2025-10-25 18:31:52,2025-10-25 08:20:03,2025-10-25,21,14,25.07864,121.55557,7,2025-10-25 10:32:51.141129,10,5,1,2025-10-25,0.6666666666666666
500107096,YouBike2.0_長春路137巷口,中山區,2025-10-25 17:10:03,民生東路二段134號前,Zhongshan Dist,YouBike2.0_Ln. 137， Changchun Rd.,No. 134， Sec. 2， Minquan E. Rd.,1,2025-10-25 18:31:29,2025-10-25 18:31:52,2025-10-25 17:10:03,2025-10-25,23,6,25.05791,121.53114,17,2025-10-25 10:32:51.141129,10,5,1,2025-10-25,0.2608695652173913
500107098,YouBike2.0_松江路132巷口,中山區,2025-10-25 18:12:15,吉林路100號對側,Zhongshan Dist,YouBike2.0_Ln. 132， Songjiang Rd.,No. 100， Jilin Rd. (Opposite),1,2025-10-25 18:31:29,2025-10-25 18:31:52,2025-10-25 18:12:15,2025-10-25,14,0,25.05277,121.53013,13,2025-10-25 10:32:51.141129,10,5,1,2025-10-25,0.0
500107099,YouBike2.0_長春吉林路口,中山區,2025-10-25 18:30:03,長春路120號前,Zhongshan Dist,YouBike2.0_Changchun Rd. & Jilin Rd. Intersection,No. 120， Changchun Rd.,1,2025-10-25 18:31:29,2025-10-25 18:31:52,2025-10-25 18:30:03,2025-10-25,10,8,25.05481,121.53032,2,2025-10-25 10:32:51.141129,10,5,1,2025-10-25,0.8
500107100,YouBike2.0_長春一江街口,中山區,2025-10-25 18:18:16,長春路135號前,Zhongshan Dist,YouBike2.0_Changchun Rd. & Yijiang St. Intersection,No. 135， Changchun Rd.,1,2025-10-25 18:31:29,2025-10-25 18:31:52,2025-10-25 18:18:16,2025-10-25,11,10,25.05488,121.53142,0,2025-10-25 10:32:51.141129,10,5,1,2025-10-25,0.9090909090909091
500107101,YouBike2.0_捷運松江南京站(8號出口),中山區,2025-10-25 17:40:03,南京東路二段101號前,Zhongshan Dist,YouBike2.0_MRT Songjiang Nanjing Sta. (Exit 8),No. 101， Sec. 2， Nanjing E. Rd.,1,2025-10-25 18:31:29,2025-10-25 18:31:52,2025-10-25 17:40:03,2025-10-25,29,10,25.05215,121.53276,19,2025-10-25 10:32:51.141129,10,5,1,2025-10-25,0.3448275862068966
500107102,YouBike2.0_南京一江街口,中山區,2025-10-25 17:10:03,南京東路二段85號前,Zhongshan Dist,YouBike2.0_Nanjing Rd. & Yijiang St. Intersection,No. 85， Sec. 2， Nanjing E. Rd.,1,2025-10-25 18:31:29,2025-10-25 18:31:52,2025-10-25 17:10:03,2025-10-25,20,3,25.05215,121.53171,17,2025-10-25 10:32:51.141129,10,5,1,2025-10-25,0.15
500107103,YouBike2.0_松江長春路口,中山區,2025-10-25 17:20:02,松江路158號前,Zhongshan Dist,YouBike2.0_Songjiang Rd. & Changchun Rd. Intersection,No. 158， Songjiang Rd.,1,2025-10-25 18:31:29,2025-10-25 18:31:52,2025-10-25 17:20:02,2025-10-25,16,8,25.05499,121.53295,8,2025-10-25 10:32:51.141129,10,5,1,2025-10-25,0.5
500107104,YouBike2.0_經國七海文化園區,中山區,2025-10-25 11:31:02,北安路301號前,Zhongshan Dist,YouBike2.0_Ching-kuo Chi-Hai Culture Park,No. 301， Bei'an Rd.,1,2025-10-25 18:31:29,2025-10-25 18:31:52,2025-10-25 11:31:02,2025-10-25,15,5,25.07802,121.53511,10,2025-10-25 10:32:51.141129,10,5,1,2025-10-25,0.3333333333333333
500107105,YouBike2.0_民族玉門街口,中山區,2025-10-25 17:10:03,民族西路口與玉門街口東北側,Zhongshan Dist,YouBike2.0_Minzu Rd. & Yumen St. Intersection,Minzu W. Rd. & Yumen St. Intersection (Northeast),1,2025-10-25 18:31:29,2025-10-25 18:31:52,2025-10-25 17:10:03,2025-10-25,20,6,25.06873,121.52003,14,2025-10-25 10:32:51.141129,10,5,1,2025-10-25,0.3
500107106,YouBike2.0_新生農安街口,中山區,2025-10-25 17:09:16,新生北路三段與農安街口(高架橋下),Zhongshan Dist,YouBike2.0_Xinsheng Rd. & Nong'an St. Intersection,Sec. 3， Xinsheng N. Rd. & Nong'an St. Intersection,1,2025-10-25 18:31:29,2025-10-25 18:31:52,2025-10-25 17:09:16,2025-10-25,15,14,25.06493,121.52778,1,2025-10-25 10:32:51.141129,10,5,1,2025-10-25,0.9333333333333333
500107107,YouBike2.0_稻江高級護理家事職業學校,中山區,2025-10-25 18:30:03,農安街77巷與農安街77巷1弄口,Zhongshan Dist,YouBike2.0_Daojiang Senior High School of Nursing and Home Economics,Ln. 77， Nong'an St. & Aly. 1， Ln. 77， Nong'an St. Intersection,1,2025-10-25 18:31:29,2025-10-25 18:31:52,2025-10-25 18:30:03,2025-10-25,14,1,25.06532,121.52848,12,2025-10-25 10:32:51.141129,10,5,1,2025-10-25,0.07142857142857142
500107108,YouBike2.0_捷運大直站(3號出口)_1,中山區,2025-10-25 17:40:03,北安路458巷41弄52之1號前,Zhongshan Dist,YouBike2.0_MRT Dazhi Sta.(Exit 3)_1,No. 52-1， Aly. 41， Ln. 458， Bei'an Rd.,1,2025-10-25 18:31:29,2025-10-25 18:31:52,2025-10-25 17:40:03,2025-10-25,18,15,25.07934,121.54671,3,2025-10-25 10:32:51.141129,10,5,1,2025-10-25,0.8333333333333334
500107109,YouBike2.0_樂群二明水路口_1,中山區,2025-10-25 17:20:02,樂群二路 / 明水路口(東側),Zhongshan Dist,YouBike2.0_Lequn 2nd Rd. & Mingshui Rd. Intersection,Lequn 2nd Rd. & Mingshui Rd. Intersection (East),1,2025-10-25 18:31:29,2025-10-25 18:31:52,2025-10-25 17:20:02,2025-10-25,34,1,25.07983,121.55236,32,2025-10-25 10:32:51.141129,10,5,1,2025-10-25,0.029411764705882353
500107110,YouBike2.0_民權吉林路口(南側),中山區,2025-10-25 17:50:16,民權東路二段46號前,Zhongshan Dist,YouBike2.0_Minquan Rd. & Jilin Rd. Intersection,No. 46， Sec. 2， Minquan E. Rd.,1,2025-10-25 18:31:29,2025-10-25 18:31:52,2025-10-25 17:50:16,2025-10-25,16,1,25.06245,121.53043,15,2025-10-25 10:32:51.141129,10,5,1,2025-10-25,0.0625
500107111,YouBike2.0_長春龍江路口,中山區,2025-10-25 16:32:16,長春路與龍江路口西北側,Zhongshan Dist,YouBike2.0_Changchun Rd. & Longjiang Rd. Intersection,Changchun Rd. & Longjiang Rd. Intersection (Northwest),1,2025-10-25 18:31:29,2025-10-25 18:31:52,2025-10-25 16:32:16,2025-10-25,39,1,25.05473,121.54026,38,2025-10-25 10:32:51.141129,10,5,1,2025-10-25,0.02564102564102564
500107112,YouBike2.0_民權新生路口,中山區,2025-10-25 17:00:04,民權東路一段/新生北路三段(北側)(新生高架橋下),Zhongshan Dist,YouBike2.0_Minquan Rd. & Xinsheng Rd. Intersection,Sec. 1， Minquan E. Rd. & Sec. 3， Xinsheng N. Rd. Intersection (North),1,2025-10-25 18:31:29,2025-10-25 18:31:52,2025-10-25 17:00:04,2025-10-25,26,2,25.06305,121.52776,24,2025-10-25 10:32:51.141129,10,5,1,2025-10-25,0.07692307692307693
500107113,YouBike2.0_建國長春路口(北側),中山區,2025-10-25 17:50:02,建國北路/長春路口(北側),Zhongshan Dist,YouBike2.0_Jianguo Rd. & Changchun Rd. Intersection,Jianguo N. Rd. & Changchun Rd. Intersection (North),1,2025-10-25 18:31:29,2025-10-25 18:31:52,2025-10-25 17:50:02,2025-10-25,30,5,25.05476,121.53693,24,2025-10-25 10:32:51.141129,10,5,1,2025-10-25,0.16666666666666666
500107114,YouBike2.0_中山行政中心,中山區,2025-10-25 17:10:03,松江路/農安街口,Zhongshan Dist,YouBike2.0_Zhongshan District Household Registration Office,Songjiang Rd. & Nong'an St. Intersection,1,2025-10-25 18:31:29,2025-10-25 18:31:52,2025-10-25 17:10:03,2025-10-25,30,10,25.06432,121.53349,18,2025-10-25 10:32:51.141129,10,5,1,2025-10-25,0.3333333333333333
500107115,YouBike2.0_臺北市立美術館_1,中山區,2025-10-25 18:30:03,中山北路三段(花博流行館前),Zhongshan Dist,YouBike2.0_Taipei Fine Arts Museum_1,Sec. 3， Zhongshan N. Rd. (Pavilion of New Fashion),1,2025-10-25 18:31:29,2025-10-25 18:31:52,2025-10-25 18:30:03,2025-10-25,40,11,25.07063,121.52327,29,2025-10-25 10:32:51.141129,10,5,1,2025-10-25,0.275
500107116,YouBike2.0_劍潭社區_1,中山區,2025-10-25 15:30:02,通北街143號前,Zhongshan Dist,YouBike2.0_Jiantan Community_1,No. 143， Tongbei St.,1,2025-10-25 18:31:29,2025-10-25 18:31:52,2025-10-25 15:30:02,2025-10-25,42,16,25.08476,121.53789,24,2025-10-25 10:32:51.141129,10,5,1,2025-10-25,0.38095238095238093
500107117,YouBike2.0_濱江國小游泳池,中山區,2025-10-25 16:20:04,樂群二路266巷99號前,Zhongshan Dist,YouBike2.0_Binjiang Elementary School Swimming Pool,No. 99， Ln. 266， Lequn 2nd Rd.,1,2025-10-25 18:31:29,2025-10-25 18:31:52,2025-10-25 16:20:04,2025-10-25,16,2,25.07818,121.56175,13,2025-10-25 10:32:51.141129,10,5,1,2025-10-25,0.125
500107118,YouBike2.0_林森公園,中山區,2025-10-25 18:30:03,林森北路/南京東路一段,Zhongshan Dist,YouBike2.0_Linsen Park,Linsen N. Rd. ＆ Sec. 1， Nanjing E. Rd. Intersection,1,2025-10-25 18:31:29,2025-10-25 18:31:52,2025-10-25 18:30:03,2025-10-25,49,29,25.05223,121.52581,16,2025-10-25 10:32:51.141129,10,5,1,2025-10-25,0.5918367346938775
500107119,YouBike2.0_中428公園,中山區,2025-10-25 14:33:02,樂群二路30巷/樂群二路116巷61弄,Zhongshan Dist,YouBike2.0_Zhong 428 Park,Ln. 30， Lequn 2nd Rd. & Aly. 61， Ln. 116， Lequn 2nd Rd. Intersection,1,2025-10-25 18:31:29,2025-10-25 18:31:52,2025-10-25 14:33:02,2025-10-25,24,15,25.07825,121.55337,9,2025-10-25 10:32:51.141129,10,5,1,2025-10-25,0.625
500107120,YouBike2.0_復華公園,中山區,2025-10-25 16:30:04,南京東路三段109巷/龍江路120巷,Zhongshan Dist,YouBike2.0_Fuhua Park,Ln. 109， Sec. 3， Nanjing E. Rd. & Ln. 120， Longjiang Rd. Intersection,1,2025-10-25 18:31:29,2025-10-25 18:31:52,2025-10-25 16:30:04,2025-10-25,20,7,25.05339,121.5401,13,2025-10-25 10:32:51.141129,10,5,1,2025-10-25,0.35
500107121,YouBike2.0_新生民族路口(西南側),中山區,2025-10-25 17:42:16,新生北路三段/民族東路(西南側),Zhongshan Dist,YouBike2.0_Xinsheng Rd. & Minzu Rd. Intersection,Sec. 3， Xinsheng N. Rd. & Minzu E. Rd. Intersection (Southwest),1,2025-10-25 18:31:29,2025-10-25 18:31:52,2025-10-25 17:42:16,2025-10-25,15,1,25.06819,121.52767,14,2025-10-25 10:32:51.141129,10,5,1,2025-10-25,0.06666666666666667
500107122,YouBike2.0_捷運南京復興站(1號出口),中山區,2025-10-25 17:34:18,捷運南京復興站(1號出口)後方(遼寧街155巷),Zhongshan Dist,YouBike2.0_MRT Nanjing Fuxing Sta. (Exit.1),MRT Nanjing Fuxing Sta.(Exit.1) (Ln. 155， Liaoning St.),1,2025-10-25 18:31:29,2025-10-25 18:31:52,2025-10-25 17:34:18,2025-10-25,21,16,25.05253,121.54256,4,2025-10-25 10:32:51.141129,10,5,1,2025-10-25,0.7619047619047619
500107123,YouBike2.0_八德市場(北側),中山區,2025-10-25 17:57:17,建國南路一段/市民大道交叉口(北側),Zhongshan Dist,YouBike2.0_Bade Market (North),Sec. 1， Jianguo S. Rd. & Civic Blvd. Intersection (North),1,2025-10-25 18:31:29,2025-10-25 18:31:52,2025-10-25 17:57:17,2025-10-25,26,1,25.04478,121.53661,25,2025-10-25 10:32:51.141129,10,5,1,2025-10-25,0.038461538461538464
500107124,YouBike2.0_龍江朱崙街口,中山區,2025-10-25 18:28:16,龍江路/朱崙街口西北側,Zhongshan Dist,YouBike2.0_Longjiang Rd. & Zhulun St. Intersection,Longjiang Rd. & Zhulun St. Intersection (Northwest),1,2025-10-25 18:31:29,2025-10-25 18:31:52,2025-10-25 18:28:16,2025-10-25,14,11,25.05004,121.54043,1,2025-10-25 10:32:51.141129,10,5,1,2025-10-25,0.7857142857142857
500107125,YouBike2.0_大直街94巷,中山區,2025-10-25 13:30:03,大直街94巷口,Zhongshan Dist,YouBike2.0_Ln. 94， Dazhi St.,Ln. 94， Dazhi St.,1,2025-10-25 18:31:29,2025-10-25 18:31:52,2025-10-25 13:30:03,2025-10-25,13,4,25.08431,121.54755,9,2025-10-25 10:32:51.141129,10,5,1,2025-10-25,0.3076923076923077
500107126,YouBike2.0_捷運南京復興站(8號出口),中山區,2025-10-25 18:30:17,南京東路三段221號前,Zhongshan Dist,YouBike2.0_MRT Nanjing Fuxing Sta. (Exit.8),No. 221， Sec. 3， Nanjing E. Rd.,1,2025-10-25 18:31:29,2025-10-25 18:31:52,2025-10-25 18:30:17,2025-10-25,25,24,25.05196,121.5433,1,2025-10-25 10:32:51.141129,10,5,1,2025-10-25,0.96
500107127,YouBike2.0_民權建國路口(南側),中山區,2025-10-25 18:28:16,民權東路三段/建國北路二段(南側高架橋下),Zhongshan Dist,YouBike2.0_Minquan Rd. & Jianguo Rd. Intersection (South),Sec. 3， Minquan E. Rd. & Sec. 2， Jianguo N. Rd. (Under Elevated Bridge),1,2025-10-25 18:31:29,2025-10-25 18:31:52,2025-10-25 18:28:16,2025-10-25,15,1,25.06228,121.53702,13,2025-10-25 10:32:51.141129,10,5,1,2025-10-25,0.06666666666666667
500107128,YouBike2.0_林森德惠街口,中山區,2025-10-25 17:20:02,德惠街11號東側,Zhongshan Dist,YouBike2.0_Linsen Rd. & Dehui St. Intersection,No. 11， Dehui St. (East),1,2025-10-25 18:31:29,2025-10-25 18:31:52,2025-10-25 17:20:02,2025-10-25,16,5,25.06688,121.5257,11,2025-10-25 10:32:51.141129,10,5,1,2025-10-25,0.3125
500107129,YouBike2.0_新生濱江街口(東南側),中山區,2025-10-25 14:00:02,新生北路三段/濱江街口(東南側),Zhongshan Dist,YouBike2.0_Xinsheng Rd. & Binjiang St. Intersection (Southeast),Sec. 3， Xinsheng N. Rd. & Binjiang St. Intersection (Southeast),1,2025-10-25 18:31:29,2025-10-25 18:31:52,2025-10-25 14:00:02,2025-10-25,21,17,25.07059,121.52812,4,2025-10-25 10:32:51.141129,10,5,1,2025-10-25,0.8095238095238095
500107130,YouBike2.0_新生北路一段62巷口,中山區,2025-10-25 15:10:03,新生北路一段64號對側,Zhongshan Dist,YouBike2.0_Ln. 62， Sec. 1， Xinsheng N. Rd.,No. 64， Sec. 1， Xinsheng N. Rd. (Opposite),1,2025-10-25 18:31:29,2025-10-25 18:31:52,2025-10-25 15:10:03,2025-10-25,30,12,25.04699,121.53075,17,2025-10-25 10:32:51.141129,10,5,1,2025-10-25,0.4
500107131,YouBike2.0_新生長春路口(東北側),中山區,2025-10-25 15:37:02,新生北路二段39-2號對側,Zhongshan Dist,YouBike2.0_Xinsheng Rd. & Changchun Rd. Intersection (Northeast),No. 39-2， Sec. 2， Xinsheng N. Rd. (Opposite),1,2025-10-25 18:31:29,2025-10-25 18:31:52,2025-10-25 15:37:02,2025-10-25,19,8,25.05532,121.52769,11,2025-10-25 10:32:51.141129,10,5,1,2025-10-25,0.42105263157894735
500107132,YouBike2.0_捷運劍南路站(1號出口),中山區,2025-10-25 17:50:02,北安路807號,Zhongshan Dist,YouBike2.0_MRT Jiannan Rd. Sta. (Exit. 1),Ln. 807， Bei'an Rd.,1,2025-10-25 18:31:29,2025-10-25 18:31:52,2025-10-25 17:50:02,2025-10-25,25,16,25.08519,121.55498,9,2025-10-25 10:32:51.141129,10,5,1,2025-10-25,0.64
500107133,YouBike2.0_樂群三路123號,中山區,2025-10-25 16:47:02,樂群三路123號,Zhongshan Dist,YouBike2.0_No. 123， LeQun 3rd Rd.,No. 123， Lequn 3rd Rd.， Zhongshan Dist.,1,2025-10-25 18:31:29,2025-10-25 18:31:52,2025-10-25 16:47:02,2025-10-25,34,20,25.08271,121.55514,14,2025-10-25 10:32:51.141129,10,5,1,2025-10-25,0.5882352941176471
500107134,YouBike2.0_長春路258巷2弄口,中山區,2025-10-25 17:10:03,長春路258巷6號北側,Zhongshan Dist,YouBike2.0_Aly. 2， Ln. 258， Changchun Rd.,No. 6， Ln. 258， Changchun Rd. (North),1,2025-10-25 18:31:29,2025-10-25 18:31:52,2025-10-25 17:10:03,2025-10-25,15,1,25.05427,121.53896,14,2025-10-25 10:32:51.141129,10,5,1,2025-10-25,0.06666666666666667
500107135,YouBike2.0_長寧大廈社區(南側),中山區,2025-10-25 18:30:03,遼寧街201巷13號前,Zhongshan Dist,YouBike2.0_Zhangning Dasha Community (South),No. 13， Ln. 201， Liaoning St.,1,2025-10-25 18:31:29,2025-10-25 18:31:52,2025-10-25 18:30:03,2025-10-25,32,13,25.05418,121.54332,18,2025-10-25 10:32:51.141129,10,5,1,2025-10-25,0.40625
500107136,YouBike2.0_建國五常街口,中山區,2025-10-25 17:50:02,建國北路三段/五常街,Zhongshan Dist,YouBike2.0_Jianguo Rd. & Wuchang St. Intersection,Sec. 3， Jianguo N. Rd. & Wuchang St. Intersection,1,2025-10-25 18:31:29,2025-10-25 18:31:52,2025-10-25 17:50:02,2025-10-25,20,6,25.06419,121.53732,13,2025-10-25 10:32:51.141129,10,5,1,2025-10-25,0.3
500107137,YouBike2.0_中山北路二段62巷口,中山區,2025-10-25 17:40:03,中山北路二段66號前,Zhongshan Dist,YouBike2.0_Ln. 62， Sec. 2， Zhongshan N. Rd.,No. 66， Sec. 2， Zhongshan N. Rd.,1,2025-10-25 18:31:29,2025-10-25 18:31:52,2025-10-25 17:40:03,2025-10-25,12,4,25.05676,121.52268,8,2025-10-25 10:32:51.141129,10,5,1,2025-10-25,0.3333333333333333
500107138,YouBike2.0_市民安東街口,中山區,2025-10-25 17:50:02,市民大道三段179號前,Zhongshan Dist,YouBike2.0_Civic Blvd. & Andong St. Intersection,No. 179， Sec. 3， Civic Blvd.,1,2025-10-25 18:31:29,2025-10-25 18:31:52,2025-10-25 17:50:02,2025-10-25,27,8,25.0448,121.54213,19,2025-10-25 10:32:51.141129,10,5,1,2025-10-25,0.2962962962962963
500107139,YouBike2.0_市民大道二段5巷口,中山區,2025-10-25 17:40:16,市民大道二段/市民大道二段5巷,Zhongshan Dist,YouBike2.0_Ln. 5， Sec. 2， Civic Blvd.,Sec. 2， Civic Blvd. & Ln. 5， Sec. 2， Civic Blvd. Intersection,1,2025-10-25 18:31:29,2025-10-25 18:31:52,2025-10-25 17:40:16,2025-10-25,15,3,25.04812,121.52166,12,2025-10-25 10:32:51.141129,10,5,1,2025-10-25,0.2
500107140,YouBike2.0_捷運中山站(3號出口),中山區,2025-10-25 17:50:02,南京西路1號前,Zhongshan Dist,YouBike2.0_MRT Zhongshan Sta. (Exit 3),No. 1， Nanjing W. Rd.,1,2025-10-25 18:31:29,2025-10-25 18:31:52,2025-10-25 17:50:02,2025-10-25,21,16,25.05236,121.52212,5,2025-10-25 10:32:51.141129,10,5,1,2025-10-25,0.7619047619047619
500107141,YouBike2.0_建國北路高架橋下停車場G區,中山區,2025-10-25 18:30:17,建國北路高架橋下停車場G區,Zhongshan Dist,YouBike2.0_Jianguo N. Rd. Parking Lot (G),Jianguo N. Rd. Parking Lot (G),1,2025-10-25 18:31:29,2025-10-25 18:31:52,2025-10-25 18:30:17,2025-10-25,18,1,25.05959,121.53682,17,2025-10-25 10:32:51.141129,10,5,1,2025-10-25,0.05555555555555555
500107142,YouBike2.0_朱崙公園,中山區,2025-10-25 17:40:03,龍江路45巷42號對側,Zhongshan Dist,YouBike2.0_Zhulun Park,No. 42， Ln. 45， Longjiang Rd.,1,2025-10-25 18:31:29,2025-10-25 18:31:52,2025-10-25 17:40:03,2025-10-25,20,9,25.04919,121.54198,11,2025-10-25 10:32:51.141129,10,5,1,2025-10-25,0.45
500107143,YouBike2.0_朱崙復興北路口,中山區,2025-10-25 17:20:02,復興北路56號,Zhongshan Dist,YouBike2.0_Zhulun St. & Fuxing N. Rd. Intersection,No. 56， Fuxing N. Rd.,1,2025-10-25 18:31:29,2025-10-25 18:31:52,2025-10-25 17:20:02,2025-10-25,12,5,25.04992,121.54379,7,2025-10-25 10:32:51.141129,10,5,1,2025-10-25,0.4166666666666667
500107144,YouBike2.0_捷運行天宮站(4號出口),中山區,2025-10-25 18:30:03,松江路316號旁,Zhongshan Dist,YouBike2.0_MRT Xingtian Temple Sta. (Exit 4),No. 316， Songjiang Rd.,1,2025-10-25 18:31:29,2025-10-25 18:31:52,2025-10-25 18:30:03,2025-10-25,36,8,25.06037,121.53283,28,2025-10-25 10:32:51.141129,10,5,1,2025-10-25,0.2222222222222222
500107145,YouBike2.0_建國北路三段86巷口,中山區,2025-10-25 15:37:02,建國北路三段/建國北路三段86巷,Zhongshan Dist,YouBike2.0_Ln. 86， Sec. 3， JianGuo N. Rd.,Sec. 3， Jianguo N. Rd. & Ln. 86， Sec. 3， Jianguo N. Rd. Intersection,1,2025-10-25 18:31:29,2025-10-25 18:31:52,2025-10-25 15:37:02,2025-10-25,15,2,25.06617,121.53526,13,2025-10-25 10:32:51.141129,10,5,1,2025-10-25,0.13333333333333333
500107146,YouBike2.0_正守公園,中山區,2025-10-25 18:31:15,長安東路一段56巷/長安東路一段,Zhongshan Dist,YouBike2.0_ZhengShou Park,Ln. 56， Sec. 1， Chang'an E. Rd. & Sec. 1， Chang'an E. Rd. Intersection,1,2025-10-25 18:31:29,2025-10-25 18:31:52,2025-10-25 18:31:15,2025-10-25,15,10,25.04808,121.52898,0,2025-10-25 10:32:51.141129,10,5,1,2025-10-25,0.6666666666666666
500107147,YouBike2.0_四平松江路口,中山區,2025-10-25 17:30:03,松江路148號旁,Zhongshan Dist,YouBike2.0_SiPing St. & SongJiang Rd. Intersection,No. 148， Songjiang Rd.,1,2025-10-25 18:31:29,2025-10-25 18:31:52,2025-10-25 17:30:03,2025-10-25,18,3,25.05366,121.53282,14,2025-10-25 10:32:51.141129,10,5,1,2025-10-25,0.16666666666666666
500107149,YouBike2.0_北安通北街口,中山區,2025-10-25 18:17:15,北安路與通北街口東北側,Zhongshan Dist,YouBike2.0_BeiAn Rd. & TongBei St. Intersection,BeiAn Rd. & TongBei St. Intersection (Northeast),1,2025-10-25 18:31:29,2025-10-25 18:31:52,2025-10-25 18:17:15,2025-10-25,17,0,25.07965,121.54148,17,2025-10-25 10:32:51.141129,10,5,1,2025-10-25,0.0
500107150,YouBike2.0_民權東復興北路口(西北側),中山區,2025-10-25 18:30:03,民權東路三段69號前,Zhongshan Dist,YouBike2.0_MinQuan E. Rd. & FuXing N. Rd. Intersection (Northwest),No. 69， Sec. 3， MinQuan E. Rd.,1,2025-10-25 18:31:29,2025-10-25 18:31:52,2025-10-25 18:30:03,2025-10-25,20,11,25.06246,121.54323,9,2025-10-25 10:32:51.141129,10,5,1,2025-10-25,0.55
500107151,YouBike2.0_臺北市立大同高中,中山區,2025-10-25 17:00:04,長春路167號前,Zhongshan Dist,YouBike2.0_Taipei Municipal Datong High School,No. 167， ChangChun Rd.,1,2025-10-25 18:31:29,2025-10-25 18:31:52,2025-10-25 17:00:04,2025-10-25,22,11,25.05484,121.53521,10,2025-10-25 10:32:51.141129,10,5,1,2025-10-25,0.5
500107152,YouBike2.0_中崙加油站,中山區,2025-10-25 17:40:03,八德路二段214號,Zhongshan Dist,YouBike2.0_ZhongLun Gas station,No. 21， Sec. 2， Bade Rd.,1,2025-10-25 18:31:29,2025-10-25 18:31:52,2025-10-25 17:40:03,2025-10-25,27,23,25.04634,121.53979,4,2025-10-25 10:32:51.141129,10,5,1,2025-10-25,0.8518518518518519
500107153,YouBike2.0_北安明水路口(自強隧道),中山區,2025-10-25 11:04:02,北安路/明水路(公車站：自強隧道),Zhongshan Dist,YouBike2.0_BeiAn Rd. & MingShui Rd. Intersection (ZiQiang Tunnel),BeiAn Rd. & MingShui Rd. Intersection (Bus Station：ZiQiang Tunnel),1,2025-10-25 18:31:29,2025-10-25 18:31:52,2025-10-25 11:04:02,2025-10-25,12,7,25.08578,121.55225,5,2025-10-25 10:32:51.141129,10,5,1,2025-10-25,0.5833333333333334
500107154,YouBike2.0_中正國小(南京東路三段48巷),中山區,2025-10-25 18:30:03,南京東路三段48巷/龍江路76巷,Zhongshan Dist,YouBike2.0_Zhong Zheng Elementary School (Ln. 48， Sec. 3， NanJing E. Rd.),Ln. 48， Sec. 3， NanJing E. Rd. & Ln. 76， LongJiang Rd. Intersection,1,2025-10-25 18:31:29,2025-10-25 18:31:52,2025-10-25 18:30:03,2025-10-25,15,6,25.05126,121.53845,8,2025-10-25 10:32:51.141129,10,5,1,2025-10-25,0.4
500107155,YouBike2.0_臺北時代廣場,中山區,2025-10-25 12:44:02,植福路308號前,Zhongshan Dist,YouBike2.0_Times Square Taipei,No. 308， ZhiFu Rd.,1,2025-10-25 18:31:29,2025-10-25 18:31:52,2025-10-25 12:44:02,2025-10-25,35,13,25.08044,121.56152,22,2025-10-25 10:32:51.141129,10,5,1,2025-10-25,0.37142857142857144
500107156,YouBike2.0_吉林農安街口(西北側),中山區,2025-10-25 16:56:16,吉林路388號,Zhongshan Dist,YouBike2.0_JiLin Rd. & NongAn St. Intersection (Northwest),No. 388， JiLin Rd.,1,2025-10-25 18:31:29,2025-10-25 18:31:52,2025-10-25 16:56:16,2025-10-25,15,1,25.06493,121.53034,10,2025-10-25 10:32:51.141129,10,5,1,2025-10-25,0.06666666666666667
500107157,YouBike2.0_濱江國中,中山區,2025-10-25 17:30:03,樂群二路262號,Zhongshan Dist,YouBike2.0_BinJiang Junior High School,No. 262， LeQun 2nd Rd.,1,2025-10-25 18:31:29,2025-10-25 18:31:52,2025-10-25 17:30:03,2025-10-25,26,4,25.07986,121.56152,21,2025-10-25 10:32:51.141129,10,5,1,2025-10-25,0.15384615384615385
500107158,YouBike2.0_環山抽水站,中山區,2025-10-25 13:36:02,基湖路168號前,Zhongshan Dist,YouBike2.0_HuanShan Pumping Station,No. 168， JiHu Rd.,1,2025-10-25 18:31:29,2025-10-25 18:31:52,2025-10-25 13:36:02,2025-10-25,34,9,25.07734,121.5631,23,2025-10-25 10:32:51.141129,10,5,1,2025-10-25,0.2647058823529412
500107159,YouBike2.0_民權中山路口(東北側),中山區,2025-10-25 17:50:02,中山北路二段171號,Zhongshan Dist,YouBike2.0_MinQuan E. Rd. & ZhongShan N. Rd. Intersection (Northeast),No. 171， Sec. 2， ZhongShan N. Rd.,1,2025-10-25 18:31:29,2025-10-25 18:31:52,2025-10-25 17:50:02,2025-10-25,25,5,25.06292,121.52299,20,2025-10-25 10:32:51.141129,10,5,1,2025-10-25,0.2
500107160,YouBike2.0_復興五常街口(西南側),中山區,2025-10-25 17:20:02,復興北路448號,Zhongshan Dist,YouBike2.0_FuXing N. Rd. & WuChang St. Intersection (Southwest),No. 448， FuXing N. Rd.,1,2025-10-25 18:31:29,2025-10-25 18:31:52,2025-10-25 17:20:02,2025-10-25,26,5,25.06409,121.54415,20,2025-10-25 10:32:51.141129,10,5,1,2025-10-25,0.19230769230769232
500107161,YouBike2.0_松江長安路口,中山區,2025-10-25 18:31:15,松江路50號前,Zhongshan Dist,YouBike2.0_SongJiang Rd. & ChangAn E. Rd. Intersection,No. 50， SongJiang Rd.,1,2025-10-25 18:31:29,2025-10-25 18:31:52,2025-10-25 18:31:15,2025-10-25,21,1,25.04819,121.53282,20,2025-10-25 10:32:51.141129,10,5,1,2025-10-25,0.047619047619047616
500107162,YouBike2.0_長安國小,中山區,2025-10-25 17:40:03,吉林路15號前,Zhongshan Dist,YouBike2.0_ChangAn Elementary School,No. 15， JiLin Rd.,1,2025-10-25 18:31:29,2025-10-25 18:31:52,2025-10-25 17:40:03,2025-10-25,26,16,25.05018,121.53008,9,2025-10-25 10:32:51.141129,10,5,1,2025-10-25,0.6153846153846154
500107163,YouBike2.0_中山市場,中山區,2025-10-25 18:09:15,長安西路3號,Zhongshan Dist,YouBike2.0_ZhongShan Market,No. 3， ChangAn W. Rd.,1,2025-10-25 18:31:29,2025-10-25 18:31:52,2025-10-25 18:09:15,2025-10-25,16,2,25.05007,121.52107,12,2025-10-25 10:32:51.141129,10,5,1,2025-10-25,0.125
500107164,YouBike2.0_捷運雙連站(1號出口),中山區,2025-10-25 18:30:03,民生西路60號前,Zhongshan Dist,YouBike2.0_MRT Shuanglian Sta. (Exit 1),No. 60， MinSheng W. Rd.,1,2025-10-25 18:31:29,2025-10-25 18:31:52,2025-10-25 18:30:03,2025-10-25,17,7,25.05767,121.52097,10,2025-10-25 10:32:51.141129,10,5,1,2025-10-25,0.4117647058823529
500107165,YouBike2.0_吉林南京路口(西北側),中山區,2025-10-25 16:30:04,南京東路二段53號旁,Zhongshan Dist,YouBike2.0_JiLin Rd. & NanJing E. Rd. Intersection (Northwest),No. 53， Sec. 2， NanJing E. Rd.,1,2025-10-25 18:31:29,2025-10-25 18:31:52,2025-10-25 16:30:04,2025-10-25,22,4,25.05234,121.53003,18,2025-10-25 10:32:51.141129,10,5,1,2025-10-25,0.18181818181818182
500107166,YouBike2.0_龍江路345巷,中山區,2025-10-25 16:30:04,龍江路345巷4號對側,Zhongshan Dist,YouBike2.0_Ln. 345， Longjiang Rd.,No. 4， Ln. 345， Longjiang Rd. (Opposite),1,2025-10-25 18:31:29,2025-10-25 18:31:52,2025-10-25 16:30:04,2025-10-25,23,8,25.06339,121.54116,15,2025-10-25 10:32:51.141129,10,5,1,2025-10-25,0.34782608695652173
500107167,YouBike2.0_捷運劍南路站(3號出口),中山區,2025-10-25 17:40:03,北安路與敬業三路口東北側,Zhongshan Dist,YouBike2.0_MRT Jiannan Rd. Sta. (Exit 3),BeiAn Rd. & JingYe 3rd Rd. Intersection (Northeast),1,2025-10-25 18:31:29,2025-10-25 18:31:52,2025-10-25 17:40:03,2025-10-25,46,34,25.08444,121.55657,11,2025-10-25 10:32:51.141129,10,5,1,2025-10-25,0.7391304347826086
500107168,YouBike2.0_一江南京東路口(西南側),中山區,2025-10-25 17:20:02,南京東路二段96號旁,Zhongshan Dist,YouBike2.0_YiJiang St. & NanJing E. Rd. Intersection (Southwest),No. 96， Sec. 2， NanJing E. Rd.,1,2025-10-25 18:31:29,2025-10-25 18:31:52,2025-10-25 17:20:02,2025-10-25,22,5,25.05181,121.53146,17,2025-10-25 10:32:51.141129,10,5,1,2025-10-25,0.22727272727272727
500107169,YouBike2.0_大直抽水站公車站,中山區,2025-10-25 17:00:04,明水路/北安路458巷47弄,Zhongshan Dist,YouBike2.0_Dazhi Pumping Bus Station,MingShui Rd. & Aly. 47， Ln. 458， BeiAn Rd. Intersection,1,2025-10-25 18:31:29,2025-10-25 18:31:52,2025-10-25 17:00:04,2025-10-25,27,11,25.07756,121.54556,15,2025-10-25 10:32:51.141129,10,5,1,2025-10-25,0.4074074074074074
500107170,YouBike2.0_民權東路三段39巷口,中山區,2025-10-25 17:40:03,復興北路514巷36號旁,Zhongshan Dist,YouBike2.0_Ln. 39， Sec. 3， MinQuan E. Rd.,No. 36， Ln. 514， Fuxing N. Rd.,1,2025-10-25 18:31:29,2025-10-25 18:31:52,2025-10-25 17:40:03,2025-10-25,25,9,25.06596,121.54259,15,2025-10-25 10:32:51.141129,10,5,1,2025-10-25,0.36
500107171,YouBike2.0_臺北市立中山女高,中山區,2025-10-25 16:10:03,長安東路二段/長安東路二段153巷,Zhongshan Dist,YouBike2.0_Nangang Garden Community A18,Sec. 2， ChangAn E. Rd. & Ln. 153， Sec. 2， ChangAn E. Rd.,1,2025-10-25 18:31:29,2025-10-25 18:31:52,2025-10-25 16:10:03,2025-10-25,33,11,25.04841,121.53889,22,2025-10-25 10:32:51.141129,10,5,1,2025-10-25,0.3333333333333333
500107172,YouBike2.0_朱昌公園,中山區,2025-10-25 18:14:15,合江街27號對側,Zhongshan Dist,YouBike2.0_Zhuchang Park,No. 27， HeJiang St. (Opposite),1,2025-10-25 18:31:29,2025-10-25 18:31:52,2025-10-25 18:14:15,2025-10-25,18,1,25.0554,121.53908,17,2025-10-25 10:32:51.141129,10,5,1,2025-10-25,0.05555555555555555
500107173,YouBike2.0_林森公園東北側,中山區,2025-10-25 17:40:03,新生北路二段28巷3號對側,Zhongshan Dist,YouBike2.0_Linsen Park Intersection (Northeast),No. 3， Ln. 28， Sec. 2， XinSheng N. Rd. (Opposite),1,2025-10-25 18:31:29,2025-10-25 18:31:52,2025-10-25 17:40:03,2025-10-25,18,13,25.05381,121.52674,5,2025-10-25 10:32:51.141129,10,5,1,2025-10-25,0.7222222222222222
500107174,YouBike2.0_康樂公園西北側,中山區,2025-10-25 17:58:15,中山北路二段39巷20號,Zhongshan Dist,YouBike2.0_Kangle Park Intersection (Northwest),No. 20， Ln. 39， Sec. 2， ZhongShan N. Rd.,1,2025-10-25 18:31:29,2025-10-25 18:31:52,2025-10-25 17:58:15,2025-10-25,18,15,25.05377,121.52456,2,2025-10-25 10:32:51.141129,10,5,1,2025-10-25,0.8333333333333334
500107175,YouBike2.0_中山北德惠街口,中山區,2025-10-25 18:22:16,中山北路三段47號,Zhongshan Dist,YouBike2.0_ZhongShan N. Rd. & DeHui St Intersection,No. 47， Sec. 3， ZhongShan N. Rd.,1,2025-10-25 18:31:29,2025-10-25 18:31:52,2025-10-25 18:22:16,2025-10-25,20,0,25.06671,121.52257,20,2025-10-25 10:32:51.141129,10,5,1,2025-10-25,0.0
500107176,YouBike2.0_晴光公園,中山區,2025-10-25 17:30:03,雙城街13巷3號對側,Zhongshan Dist,YouBike2.0_Qingguang Park,No. 3， Ln. 13， ShuangCheng St. (Opposite),1,2025-10-25 18:31:29,2025-10-25 18:31:52,2025-10-25 17:30:03,2025-10-25,15,1,25.06411,121.52446,14,2025-10-25 10:32:51.141129,10,5,1,2025-10-25,0.06666666666666667
500107177,YouBike2.0_松江路25巷口,中山區,2025-10-25 17:10:03,松江路9號前,Zhongshan Dist,YouBike2.0_Ln. 25， SongJiang Rd.,No. 9， SongJiang Rd.,1,2025-10-25 18:31:29,2025-10-25 18:31:52,2025-10-25 17:10:03,2025-10-25,42,4,25.04628,121.53304,38,2025-10-25 10:32:51.141129,10,5,1,2025-10-25,0.09523809523809523
500107178,YouBike2.0_民生東合江街口,中山區,2025-10-25 15:43:01,民生東路三段30號,Zhongshan Dist,YouBike2.0_MinSheng E. Rd. & HeJiang St. Intersection,No. 30， Sec. 3， MinSheng E. Rd.,1,2025-10-25 18:31:29,2025-10-25 18:31:52,2025-10-25 15:43:01,2025-10-25,20,3,25.05777,121.53951,16,2025-10-25 10:32:51.141129,10,5,1,2025-10-25,0.15
500107179,YouBike2.0_飛航服務總臺,中山區,2025-10-25 17:40:03,濱江街357號,Zhongshan Dist,YouBike2.0_Air Navigation And Weather Services,No. 357， BinJiang St.,1,2025-10-25 18:31:29,2025-10-25 18:31:52,2025-10-25 17:40:03,2025-10-25,23,8,25.07241,121.55117,15,2025-10-25 10:32:51.141129,10,5,1,2025-10-25,0.34782608695652173
500107180,YouBike2.0_內湖堤頂大道(西南側),中山區,2025-10-25 15:48:01,堤頂大道二段586號前,Zhongshan Dist,YouBike2.0_NeiHu Rd. & Tiding Blvd. Intersection (Southwest),No. 586， Sec. 2， Tiding Blvd.,1,2025-10-25 18:31:29,2025-10-25 18:31:52,2025-10-25 15:48:01,2025-10-25,24,11,25.08462,121.56016,13,2025-10-25 10:32:51.141129,10,5,1,2025-10-25,0.4583333333333333
500107181,YouBike2.0_大直派出所,中山區,2025-10-25 17:30:03,北安路458巷,Zhongshan Dist,YouBike2.0_Dazhi Police Station,Ln. 458， BeiAn Rd.,1,2025-10-25 18:31:29,2025-10-25 18:31:52,2025-10-25 17:30:03,2025-10-25,30,11,25.07913,121.54422,19,2025-10-25 10:32:51.141129,10,5,1,2025-10-25,0.36666666666666664
500107182,YouBike2.0_遼寧民生路口,中山區,2025-10-25 17:10:03,民生東路三段與遼寧街口西南側,Zhongshan Dist,YouBike2.0_MinSheng E. Rd. & LiaoNing St. Intersection,Sec. 3， MinSheng E. Rd. & LiaoNing St. Intersection (Southwest),1,2025-10-25 18:31:29,2025-10-25 18:31:52,2025-10-25 17:10:03,2025-10-25,19,5,25.05751,121.54215,13,2025-10-25 10:32:51.141129,10,5,1,2025-10-25,0.2631578947368421
500107183,YouBike2.0_松江路184巷口,中山區,2025-10-25 14:40:03,松江路182號,Zhongshan Dist,YouBike2.0_Ln. 184， SongJiang Rd.,No. 182， SongJiang Rd.,1,2025-10-25 18:31:29,2025-10-25 18:31:52,2025-10-25 14:40:03,2025-10-25,21,14,25.05623,121.53296,7,2025-10-25 10:32:51.141129,10,5,1,2025-10-25,0.6666666666666666
500107184,YouBike2.0_民權東路三段60巷,中山區,2025-10-25 16:50:04,民權東路三段60巷26號,Zhongshan Dist,YouBike2.0_Ln. 60， Sec. 3， MinQuan E. Rd.,No. 26， Ln. 60， Sec. 3， MinQuan E. Rd.,1,2025-10-25 18:31:29,2025-10-25 18:31:52,2025-10-25 16:50:04,2025-10-25,18,7,25.06058,121.54236,11,2025-10-25 10:32:51.141129,10,5,1,2025-10-25,0.3888888888888889
500107185,YouBike2.0_長春路258巷2弄(北側),中山區,2025-10-25 18:31:15,長春路201號,Zhongshan Dist,YouBike2.0_Aly. 2， Ln. 258， ChangChun Rd.,No. 201， ChangChun Rd.,1,2025-10-25 18:31:29,2025-10-25 18:31:52,2025-10-25 18:31:15,2025-10-25,19,0,25.05474,121.5383,19,2025-10-25 10:32:51.141129,10,5,1,2025-10-25,0.0
500107186,YouBike2.0_中山北路二段96巷口,中山區,2025-10-25 16:50:17,中山北路二段96號旁,Zhongshan Dist,YouBike2.0_Ln. 96， Sec. 2， ZhongShan N. Rd.,No. 96， Sec. 2， ZhongShan N. Rd.,1,2025-10-25 18:31:29,2025-10-25 18:31:52,2025-10-25 16:50:17,2025-10-25,18,1,25.0598,121.52253,17,2025-10-25 10:32:51.141129,10,5,1,2025-10-25,0.05555555555555555
500107187,YouBike2.0_吉林路236巷口,中山區,2025-10-25 17:30:03,吉林路171號,Zhongshan Dist,YouBike2.0_Ln. 236， JiLin Rd.,No. 171， JiLin Rd.,1,2025-10-25 18:31:29,2025-10-25 18:31:52,2025-10-25 17:30:03,2025-10-25,21,13,25.05931,121.53025,8,2025-10-25 10:32:51.141129,10,5,1,2025-10-25,0.6190476190476191
500107188,YouBike2.0_上塔悠公園(明水路),中山區,2025-10-25 17:40:03,明水路480號,Zhongshan Dist,YouBike2.0_Shangtayo Park (MingShui Rd.),No. 480， MingShui Rd.,1,2025-10-25 18:31:29,2025-10-25 18:31:52,2025-10-25 17:40:03,2025-10-25,30,27,25.07767,121.55205,3,2025-10-25 10:32:51.141129,10,5,1,2025-10-25,0.9
500107189,YouBike2.0_中山民生東路口(東南側),中山區,2025-10-25 18:30:03,中山北路二段77-4號,Zhongshan Dist,YouBike2.0_ZhongShan N. Rd. & MinSheng E. Rd. Intersection (Southeast),No. 77-4， Sec. 2， ZhongShan N. Rd.,1,2025-10-25 18:31:29,2025-10-25 18:31:52,2025-10-25 18:30:03,2025-10-25,21,3,25.05778,121.52299,17,2025-10-25 10:32:51.141129,10,5,1,2025-10-25,0.14285714285714285
500107190,YouBike2.0_中山北路二段26巷,中山區,2025-10-25 17:30:03,中山北路二段26巷32號(旁),Zhongshan Dist,YouBike2.0_Ln. 26， Sec. 2， ZhongShan N. Rd.,No. 32， Ln. 26， Sec. 2， ZhongShan N. Rd.,1,2025-10-25 18:31:29,2025-10-25 18:31:52,2025-10-25 17:30:03,2025-10-25,51,38,25.05392,121.52066,13,2025-10-25 10:32:51.141129,10,5,1,2025-10-25,0.7450980392156863
500107191,YouBike2.0_八德路二段210巷口,中山區,2025-10-25 18:30:03,市民大道三段143號對側,Zhongshan Dist,YouBike2.0_Ln. 210， Sec. 2， BaDe Rd.,No. 143， Sec. 3， Civic Blvd. (Opposite),1,2025-10-25 18:31:29,2025-10-25 18:31:52,2025-10-25 18:30:03,2025-10-25,21,6,25.04478,121.53958,14,2025-10-25 10:32:51.141129,10,5,1,2025-10-25,0.2857142857142857
500107192,YouBike2.0_長安林森路口公車站,中山區,2025-10-25 15:55:18,長安東路一段26號,Zhongshan Dist,YouBike2.0_ChangAn E. Rd. & LinSen N. Rd. Intersection,No. 26， Sec. 1， ChangAn E. Rd.,1,2025-10-25 18:31:29,2025-10-25 18:31:52,2025-10-25 15:55:18,2025-10-25,20,1,25.04882,121.52589,18,2025-10-25 10:32:51.141129,10,5,1,2025-10-25,0.05
500107193,YouBike2.0_市民大道二段67巷口,中山區,2025-10-25 17:50:02,市民大道二段65號旁,Zhongshan Dist,YouBike2.0_Ln. 67， Sec. 2， Civic Blvd.,No. 65， Sec. 2， Civic Blvd.,1,2025-10-25 18:31:29,2025-10-25 18:31:52,2025-10-25 17:50:02,2025-10-25,30,12,25.04652,121.5296,18,2025-10-25 10:32:51.141129,10,5,1,2025-10-25,0.4
500107194,YouBike2.0_德惠雙城街口(西側),中山區,2025-10-25 16:20:04,德惠街16號前,Zhongshan Dist,YouBike2.0_DeHui St. & ShuangCheng St. Intersection,No. 16， DeHui St.,1,2025-10-25 18:31:29,2025-10-25 18:31:52,2025-10-25 16:20:04,2025-10-25,18,3,25.0667,121.5242,15,2025-10-25 10:32:51.141129,10,5,1,2025-10-25,0.16666666666666666
500107195,YouBike2.0_北安路608巷明水路口,中山區,2025-10-25 15:50:04,北安路608巷/明水路(西北側),Zhongshan Dist,YouBike2.0_Ln. 608， BeiAn Rd. & MingShui Rd. Intersection,Ln. 608， BeiAn Rd. & MingShui Rd. Intersection (Northwest),1,2025-10-25 18:31:29,2025-10-25 18:31:52,2025-10-25 15:50:04,2025-10-25,18,3,25.08194,121.55124,15,2025-10-25 10:32:51.141129,10,5,1,2025-10-25,0.16666666666666666
500107196,YouBike2.0_新生林森北路485巷口,中山區,2025-10-25 13:40:02,新生北路二段/林森北路485巷(東側),Zhongshan Dist,YouBike2.0_XinSheng N. Rd. & Ln. 485， LinSen N. Rd. Intersection,Sec. 2， XinSheng N. Rd. & Ln. 485， LinSen N. Rd. Intersection (East),1,2025-10-25 18:31:29,2025-10-25 18:31:52,2025-10-25 13:40:02,2025-10-25,35,9,25.06114,121.52745,26,2025-10-25 10:32:51.141129,10,5,1,2025-10-25,0.2571428571428571
500107197,YouBike2.0_新壽公園,中山區,2025-10-25 15:40:02,新生北路三段3巷與吉林路口,Zhongshan Dist,YouBike2.0_Xinshou Park,Ln. 3， Sec. 3， XinSheng N. Rd. & JiLin Rd. Intersection,1,2025-10-25 18:31:29,2025-10-25 18:31:52,2025-10-25 15:40:02,2025-10-25,16,8,25.06313,121.53015,8,2025-10-25 10:32:51.141129,10,5,1,2025-10-25,0.5
500107198,YouBike2.0_復興北路430巷,中山區,2025-10-25 18:30:03,復興北路430巷/民權東路三段75巷,Zhongshan Dist,YouBike2.0_Ln. 430， FuXing N. Rd.,Ln. 430， FuXing N. Rd. & Aly. 75， Sec. 3， MinQuan E. Rd. Intersection,1,2025-10-25 18:31:29,2025-10-25 18:31:52,2025-10-25 18:30:03,2025-10-25,24,7,25.06341,121.54353,17,2025-10-25 10:32:51.141129,10,5,1,2025-10-25,0.2916666666666667
500107199,YouBike2.0_林森錦州街口,中山區,2025-10-25 14:30:02,林森北路438號(前),Zhongshan Dist,YouBike2.0_LinSen Rd. & JinZhou St. Intersection,No. 438， LinSen N. Rd.,1,2025-10-25 18:31:29,2025-10-25 18:31:52,2025-10-25 14:30:02,2025-10-25,21,4,25.06051,121.52566,16,2025-10-25 10:32:51.141129,10,5,1,2025-10-25,0.19047619047619047
500108001,YouBike2.0_文湖街21巷118弄口,內湖區,2025-10-25 17:20:02,文湖街21巷118弄6-10號(前),Neihu Dist,YouBike2.0_Aly. 118， Ln. 21， Wunhu St.,No. 6-10， Aly. 118， Ln. 21， Wunhu St.,1,2025-10-25 18:31:29,2025-10-25 18:31:52,2025-10-25 17:20:02,2025-10-25,28,14,25.09122,121.55961,14,2025-10-25 10:32:51.141129,10,5,1,2025-10-25,0.5
500108002,YouBike2.0_北勢湖環保公園,內湖區,2025-10-25 11:30:05,內湖路一段66-72號前方公園,Neihu Dist,YouBike2.0_Beishi Lake Environmental Park,No. 66-72， Sec. 1， Neihu Rd.,1,2025-10-25 18:31:29,2025-10-25 18:31:52,2025-10-25 11:30:05,2025-10-25,27,14,25.08378,121.56208,13,2025-10-25 10:32:51.141129,10,5,1,2025-10-25,0.5185185185185185
500108003,YouBike2.0_洲子一號公園,內湖區,2025-10-25 14:52:02,基湖路37號西側,Neihu Dist,YouBike2.0_Jhouzih No.1 Park,No. 37， Jihu Rd.,1,2025-10-25 18:31:29,2025-10-25 18:31:52,2025-10-25 14:52:02,2025-10-25,43,15,25.07977,121.56454,28,2025-10-25 10:32:51.141129,10,5,1,2025-10-25,0.3488372093023256
500108004,YouBike2.0_西康公園,內湖區,2025-10-25 17:00:04,內湖路一段225巷口,Neihu Dist,YouBike2.0_Xikang Park,No. 225， Sec 1， Neihu Rd.,1,2025-10-25 18:31:29,2025-10-25 18:31:52,2025-10-25 17:00:04,2025-10-25,21,4,25.08284,121.56449,17,2025-10-25 10:32:51.141129,10,5,1,2025-10-25,0.19047619047619047
500108005,YouBike2.0_文湖國小,內湖區,2025-10-25 17:50:02,文湖街21巷口北側,Neihu Dist,YouBike2.0_Wenhu Elementary School,Ln. 21， Wunhu St.,1,2025-10-25 18:31:29,2025-10-25 18:31:52,2025-10-25 17:50:02,2025-10-25,43,17,25.08637,121.56088,25,2025-10-25 10:32:51.141129,10,5,1,2025-10-25,0.3953488372093023
500108006,YouBike2.0_文湖街81巷10號西側,內湖區,2025-10-25 18:30:03,文湖街81巷10號西側,Neihu Dist,YouBike2.0_No. 10， Ln. 81， Wenhu St,No. 10， Ln. 81， Wenhu St.(West),1,2025-10-25 18:31:29,2025-10-25 18:31:52,2025-10-25 18:30:03,2025-10-25,23,3,25.08697,121.5641,19,2025-10-25 10:32:51.141129,10,5,1,2025-10-25,0.13043478260869565
500108007,YouBike2.0_德明財經科技大學,內湖區,2025-10-25 17:30:03,環山路一段56號南側,Neihu Dist,YouBike2.0_Takming University of Science and Technology,No. 56， Sec. 1， Huanshan Rd.(South),1,2025-10-25 18:31:29,2025-10-25 18:31:52,2025-10-25 17:30:03,2025-10-25,36,9,25.08637,121.56574,27,2025-10-25 10:32:51.141129,10,5,1,2025-10-25,0.25
500108008,YouBike2.0_麗山國小,內湖區,2025-10-25 18:28:16,內湖路一段411巷19弄9號對側,Neihu Dist,YouBike2.0_Lishan Elementary School,Ln. 411， Sec. 1， Neihu Rd.(East),1,2025-10-25 18:31:29,2025-10-25 18:31:52,2025-10-25 18:28:16,2025-10-25,18,10,25.0826,121.57158,7,2025-10-25 10:32:51.141129,10,5,1,2025-10-25,0.5555555555555556
500108009,YouBike2.0_麗山高中,內湖區,2025-10-25 16:20:04,環山路二段141號北側,Neihu Dist,YouBike2.0_Lishan Senior High School,No. 141， Sec. 2， Huanshan Rd.(North),1,2025-10-25 18:31:29,2025-10-25 18:31:52,2025-10-25 16:20:04,2025-10-25,33,15,25.08398,121.57725,18,2025-10-25 10:32:51.141129,10,5,1,2025-10-25,0.45454545454545453
500108010,YouBike2.0_港華五號公園,內湖區,2025-10-25 15:37:02,環山路二段81號西北側,Neihu Dist,YouBike2.0_Ganghua 2nd Park,No. 81， Sec. 2， Huanshan Rd.(Northwest),1,2025-10-25 18:31:29,2025-10-25 18:31:52,2025-10-25 15:37:02,2025-10-25,16,7,25.08522,121.57462,8,2025-10-25 10:32:51.141129,10,5,1,2025-10-25,0.4375
500108011,YouBike2.0_大湖國小,內湖區,2025-10-25 16:30:04,大湖山莊街/大湖山莊街176巷(東南側),Neihu Dist,YouBike2.0_Dahu Elementary School,Dahu Shanzhuang St & Ln. 176， Dahu Shanzhuang St. (Southeast),1,2025-10-25 18:31:29,2025-10-25 18:31:52,2025-10-25 16:30:04,2025-10-25,29,18,25.08803,121.59958,11,2025-10-25 10:32:51.141129,10,5,1,2025-10-25,0.6206896551724138
500108012,YouBike2.0_安湖三號公園,內湖區,2025-10-25 15:20:04,東湖路113巷49弄3號北側,Neihu Dist,YouBike2.0_Anhu No.3 Park,No. 3， Aly. 49， Ln. 113， Donghu Rd. (North),1,2025-10-25 18:31:29,2025-10-25 18:31:52,2025-10-25 15:20:04,2025-10-25,16,9,25.07021,121.61593,4,2025-10-25 10:32:51.141129,10,5,1,2025-10-25,0.5625
500108013,YouBike2.0_東湖路113巷95弄,內湖區,2025-10-25 09:57:03,東湖路113巷95弄13號西側,Neihu Dist,YouBike2.0_Aly. 95， Ln. 113， Donghu Rd,No. 13， Aly. 95， Ln. 113， Donghu Rd. (West),1,2025-10-25 18:31:29,2025-10-25 18:31:52,2025-10-25 09:57:03,2025-10-25,17,12,25.07177,121.61491,4,2025-10-25 10:32:51.141129,10,5,1,2025-10-25,0.7058823529411765
500108014,YouBike2.0_瑞光計程車服務站,內湖區,2025-10-25 17:50:02,港墘路221巷2號,Neihu Dist,YouBike2.0_Ruiguangjichengchefuwu Sta,No. 2， Ln. 221， Gangqian Rd.,1,2025-10-25 18:31:29,2025-10-25 18:31:52,2025-10-25 17:50:02,2025-10-25,20,4,25.0745,121.57389,16,2025-10-25 10:32:51.141129,10,5,1,2025-10-25,0.2
500108015,YouBike2.0_文德三號公園(江南街71巷16弄),內湖區,2025-10-25 18:17:15,瑞光路271號東南側,Neihu Dist,YouBike2.0_Wende No. 3 Park,No. 271， Ruiguang Rd. (Southeast),1,2025-10-25 18:31:29,2025-10-25 18:31:52,2025-10-25 18:17:15,2025-10-25,15,11,25.07524,121.5772,4,2025-10-25 10:32:51.141129,10,5,1,2025-10-25,0.7333333333333333
500108016,YouBike2.0_捷運大湖公園站(2號出口),內湖區,2025-10-25 16:00:02,成功路五段5號東側,Neihu Dist,YouBike2.0_MRT Dahu Park Sta. (Exit 2),No. 5， Sec. 5， Chenggong Rd. (East),1,2025-10-25 18:31:29,2025-10-25 18:31:52,2025-10-25 16:00:02,2025-10-25,46,23,25.08395,121.60185,23,2025-10-25 10:32:51.141129,10,5,1,2025-10-25,0.5
500108018,YouBike2.0_康寧星雲街口,內湖區,2025-10-25 17:50:02,康寧路一段116號,Neihu Dist,YouBike2.0_Kangning Rd & Xingyun St Intersection,No. 116， Sec. 1， Kangning Rd.,1,2025-10-25 18:31:29,2025-10-25 18:31:52,2025-10-25 17:50:02,2025-10-25,19,7,25.07958,121.59336,12,2025-10-25 10:32:51.141129,10,5,1,2025-10-25,0.3684210526315789
500108019,YouBike2.0_星雲街47號,內湖區,2025-10-25 12:50:03,星雲街47號南側,Neihu Dist,YouBike2.0_No. 47， Xingyun St,No. 47， Xingyun St. (South),1,2025-10-25 18:31:29,2025-10-25 18:31:52,2025-10-25 12:50:03,2025-10-25,22,8,25.07864,121.59177,14,2025-10-25 10:32:51.141129,10,5,1,2025-10-25,0.36363636363636365
500108020,YouBike2.0_捷運西湖站(1號出口),內湖區,2025-10-25 17:17:18,環山路一段9巷9號對側,Neihu Dist,YouBike2.0_MRT Xihu Sta. (Exit 1),Ln. 9， Sec. 1， Huanshan Rd,1,2025-10-25 18:31:29,2025-10-25 18:31:52,2025-10-25 17:17:18,2025-10-25,23,21,25.08301,121.56638,2,2025-10-25 10:32:51.141129,10,5,1,2025-10-25,0.9130434782608695
500108021,YouBike2.0_捷運西湖站(2號出口),內湖區,2025-10-25 18:30:03,內湖路一段291號(對面),Neihu Dist,YouBike2.0_MRT Xihu Sta. (Exit 2),No. 291， Sec. 1， Neihu Rd. (Opposite),1,2025-10-25 18:31:29,2025-10-25 18:31:52,2025-10-25 18:30:03,2025-10-25,31,5,25.08205,121.56716,26,2025-10-25 10:32:51.141129,10,5,1,2025-10-25,0.16129032258064516
500108022,YouBike2.0_洲子二號公園,內湖區,2025-10-25 15:52:01,瑞光路500號(對面),Neihu Dist,YouBike2.0_Zhouzi No. 2 Park,No. 500， Ruiguang Rd. (Opposite),1,2025-10-25 18:31:29,2025-10-25 18:31:52,2025-10-25 15:52:01,2025-10-25,60,24,25.07932,121.56869,36,2025-10-25 10:32:51.141129,10,5,1,2025-10-25,0.4
500108023,YouBike2.0_港都公園,內湖區,2025-10-25 18:30:17,港華街57號(對面),Neihu Dist,YouBike2.0_Gangdu Park,No. 57， Ganghua St. (Opposite),1,2025-10-25 18:31:29,2025-10-25 18:31:52,2025-10-25 18:30:17,2025-10-25,15,1,25.08296,121.5752,14,2025-10-25 10:32:51.141129,10,5,1,2025-10-25,0.06666666666666667
500108024,YouBike2.0_環山路二段26巷口,內湖區,2025-10-25 16:11:15,環山路二段/環山路二段26巷(西南側),Neihu Dist,YouBike2.0_Ln. 26， Sec. 2， Huanshan Rd Intersection,Sec. 2， Huanshan Rd & Ln. 26， Sec. 2， Huanshan Rd (Southwest),1,2025-10-25 18:31:29,2025-10-25 18:31:52,2025-10-25 16:11:15,2025-10-25,22,4,25.08598,121.572,16,2025-10-25 10:32:51.141129,10,5,1,2025-10-25,0.18181818181818182
500108025,YouBike2.0_成功金龍路口,內湖區,2025-10-25 17:20:02,成功路四段188號,Neihu Dist,YouBike2.0_Chenggong Rd & Jinlong Rd Intersection,No. 188， Sec. 4， Chenggong Rd.,1,2025-10-25 18:31:29,2025-10-25 18:31:52,2025-10-25 17:20:02,2025-10-25,36,25,25.08436,121.59478,11,2025-10-25 10:32:51.141129,10,5,1,2025-10-25,0.6944444444444444
500108026,YouBike2.0_碧山公園,內湖區,2025-10-25 16:30:04,內湖路三段60巷28號東側,Neihu Dist,YouBike2.0_Bishan Park,No. 28， Ln. 60， Sec. 3， Neihu Rd. (East),1,2025-10-25 18:31:29,2025-10-25 18:31:52,2025-10-25 16:30:04,2025-10-25,31,12,25.0878,121.59227,19,2025-10-25 10:32:51.141129,10,5,1,2025-10-25,0.3870967741935484
500108027,YouBike2.0_金瑞公園,內湖區,2025-10-25 16:30:04,金龍路203-8號北側,Neihu Dist,YouBike2.0_Jinrui Park,No. 203-8， Jinlong Rd. (North),1,2025-10-25 18:31:29,2025-10-25 18:31:52,2025-10-25 16:30:04,2025-10-25,45,25,25.08785,121.5879,19,2025-10-25 10:32:51.141129,10,5,1,2025-10-25,0.5555555555555556
500108028,YouBike2.0_捷運文德站(2號出口),內湖區,2025-10-25 17:40:03,文德路212號旁,Neihu Dist,YouBike2.0_MRT Wende Sta. (Exit 2),No. 212， Wende Rd.,1,2025-10-25 18:31:29,2025-10-25 18:31:52,2025-10-25 17:40:03,2025-10-25,49,15,25.07842,121.58464,34,2025-10-25 10:32:51.141129,10,5,1,2025-10-25,0.30612244897959184
500108029,YouBike2.0_陽光公園,內湖區,2025-10-25 17:40:03,陽光街與文德路220巷口西側,Neihu Dist,YouBike2.0_Yangguang Park,Yangguang St & Ln. 220， Wende Rd Intersection,1,2025-10-25 18:31:29,2025-10-25 18:31:52,2025-10-25 17:40:03,2025-10-25,16,4,25.07695,121.58764,12,2025-10-25 10:32:51.141129,10,5,1,2025-10-25,0.25
500108030,YouBike2.0_文德二號公園(南側),內湖區,2025-10-25 17:40:03,陽光街與陽光街68巷102弄口,Neihu Dist,YouBike2.0_Wende No.2 Park (South),Aly. 102， Ln. 68， Yangguang St & Yangguang St Intersection,1,2025-10-25 18:31:29,2025-10-25 18:31:52,2025-10-25 17:40:03,2025-10-25,13,6,25.07504,121.58375,6,2025-10-25 10:32:51.141129,10,5,1,2025-10-25,0.46153846153846156
500108031,YouBike2.0_文德二號公園(北側),內湖區,2025-10-25 15:01:03,文德路210巷12號對側,Neihu Dist,YouBike2.0_Wende No.2 Park (North),No. 12， Ln. 210， Wende Rd. (Opposite),1,2025-10-25 18:31:29,2025-10-25 18:31:52,2025-10-25 15:01:03,2025-10-25,15,3,25.07758,121.58381,11,2025-10-25 10:32:51.141129,10,5,1,2025-10-25,0.2
500108032,YouBike2.0_瑞陽公園,內湖區,2025-10-25 18:15:30,文德路22巷6號(對面),Neihu Dist,YouBike2.0_Ruiyang Park,No. 6， Ln. 22， Wende Rd. (Opposite),1,2025-10-25 18:31:29,2025-10-25 18:31:52,2025-10-25 18:15:30,2025-10-25,12,5,25.07777,121.57961,6,2025-10-25 10:32:51.141129,10,5,1,2025-10-25,0.4166666666666667
500108033,YouBike2.0_湖光國宅,內湖區,2025-10-25 16:10:03,文德路22巷與文德路22巷74弄口,Neihu Dist,YouBike2.0_Hu Guang Public House,Ln. 22， Wende Rd & No. 1， Aly. 74， Ln. 22， Wende Rd Intersection,1,2025-10-25 18:31:29,2025-10-25 18:31:52,2025-10-25 16:10:03,2025-10-25,45,16,25.07538,121.58079,23,2025-10-25 10:32:51.141129,10,5,1,2025-10-25,0.35555555555555557
500108034,YouBike2.0_潭美街213號,內湖區,2025-10-25 08:59:02,潭美街213號南側,Neihu Dist,YouBike2.0_No. 213， Tanmei St.,No. 213， Tanmei St. (South),1,2025-10-25 18:31:29,2025-10-25 18:31:52,2025-10-25 08:59:02,2025-10-25,12,4,25.05575,121.58486,8,2025-10-25 10:32:51.141129,10,5,1,2025-10-25,0.3333333333333333
500108035,YouBike2.0_南京東路六段180號,內湖區,2025-10-25 15:40:02,南京東路六段180號北側,Neihu Dist,YouBike2.0_No. 180， Sec. 6， Nanjing E. Rd.,No. 180， Sec. 6， Nanjing E. Rd. (North),1,2025-10-25 18:31:29,2025-10-25 18:31:52,2025-10-25 15:40:02,2025-10-25,21,9,25.0559,121.57991,8,2025-10-25 10:32:51.141129,10,5,1,2025-10-25,0.42857142857142855
500108036,YouBike2.0_潭美國小(南京舊宗路口),內湖區,2025-10-25 14:44:02,行善路179號南側,Neihu Dist,YouBike2.0_Tanmei Elementary School (Nanjing Rd. & Jiuzong Rd. Intersection,No. 179， Xingshan Rd. (South),1,2025-10-25 18:31:29,2025-10-25 18:31:52,2025-10-25 14:44:02,2025-10-25,29,12,25.05768,121.58159,16,2025-10-25 10:32:51.141129,10,5,1,2025-10-25,0.41379310344827586
500108037,YouBike2.0_新明路343號,內湖區,2025-10-25 11:41:02,新明路341號北側,Neihu Dist,YouBike2.0_No. 343， Xinming Rd.,No. 343， Xinming Rd. (North),1,2025-10-25 18:31:29,2025-10-25 18:31:52,2025-10-25 11:41:02,2025-10-25,10,4,25.05653,121.58345,6,2025-10-25 10:32:51.141129,10,5,1,2025-10-25,0.4
500108038,YouBike2.0_成美長壽橋(潭美街),內湖區,2025-10-25 18:30:03,潭美街139號對側,Neihu Dist,YouBike2.0_Chengmei Changshou Bridge (TanMei St.),No. 139， Tanmei St.,1,2025-10-25 18:31:29,2025-10-25 18:31:52,2025-10-25 18:30:03,2025-10-25,22,8,25.0539,121.58084,14,2025-10-25 10:32:51.141129,10,5,1,2025-10-25,0.36363636363636365
500108039,YouBike2.0_內湖行政中心,內湖區,2025-10-25 14:40:03,民權東路六段99號(前),Neihu Dist,YouBike2.0_Neihu District Office,No. 99， Sec. 6， Minquan E. Rd.,1,2025-10-25 18:31:29,2025-10-25 18:31:52,2025-10-25 14:40:03,2025-10-25,25,12,25.06915,121.58898,13,2025-10-25 10:32:51.141129,10,5,1,2025-10-25,0.48
500108040,YouBike2.0_樂康公園,內湖區,2025-10-25 11:10:03,康樂街61巷73弄22-1號南側,Neihu Dist,YouBike2.0_Lekang Park,No. 22-1， Aly. 73， Ln. 61， Kangle St. (South),1,2025-10-25 18:31:29,2025-10-25 18:31:52,2025-10-25 11:10:03,2025-10-25,20,18,25.07007,121.62055,2,2025-10-25 10:32:51.141129,10,5,1,2025-10-25,0.9
500108041,YouBike2.0_安康路32巷24弄,內湖區,2025-10-25 06:52:02,安康路32巷24弄22號,Neihu Dist,YouBike2.0_Aly. 24， Ln. 32， Ankang Rd.,No. 22， Aly. 24， Ln. 32， Ankang Rd.,1,2025-10-25 18:31:29,2025-10-25 18:31:52,2025-10-25 06:52:02,2025-10-25,21,8,25.06181,121.59447,13,2025-10-25 10:32:51.141129,10,5,1,2025-10-25,0.38095238095238093
500108043,YouBike2.0_明美公園,內湖區,2025-10-25 14:10:04,石潭路27號南側,Neihu Dist,YouBike2.0_Mingmei Park,No. 27， Shitan Rd. (South),1,2025-10-25 18:31:29,2025-10-25 18:31:52,2025-10-25 14:10:04,2025-10-25,37,15,25.06256,121.58607,21,2025-10-25 10:32:51.141129,10,5,1,2025-10-25,0.40540540540540543
500108044,YouBike2.0_南京東路六段368巷,內湖區,2025-10-25 17:20:02,南京東路六段382號西南側,Neihu Dist,YouBike2.0_Ln. 368， Sec. 6， Nanjing E. Rd.,No. 382， Sec. 6， Nanjing E. Rd. (Southwest),1,2025-10-25 18:31:29,2025-10-25 18:31:52,2025-10-25 17:20:02,2025-10-25,73,11,25.05827,121.58707,62,2025-10-25 10:32:51.141129,10,5,1,2025-10-25,0.1506849315068493
500108045,YouBike2.0_新明成功路口,內湖區,2025-10-25 17:30:03,新明路22號,Neihu Dist,YouBike2.0_Xinming Rd. & Chenggong Rd. Intersection,No. 22， Xinming Rd.,1,2025-10-25 18:31:29,2025-10-25 18:31:52,2025-10-25 17:30:03,2025-10-25,38,20,25.06058,121.5911,18,2025-10-25 10:32:51.141129,10,5,1,2025-10-25,0.5263157894736842
500108046,YouBike2.0_民權瑞光路口,內湖區,2025-10-25 15:40:02,民權東路六段50號,Neihu Dist,YouBike2.0_Minquan E. Rd. & Ruiguang Rd. Intersection,No. 50， Sec. 6， Minquan E. Rd.,1,2025-10-25 18:31:29,2025-10-25 18:31:52,2025-10-25 15:40:02,2025-10-25,32,24,25.06835,121.58323,7,2025-10-25 10:32:51.141129,10,5,1,2025-10-25,0.75
500108047,YouBike2.0_瑞光公共住宅(瑞光路),內湖區,2025-10-25 17:10:03,瑞光路160號,Neihu Dist,YouBike2.0_Ruiguang Public Housing (Ruiguang Rd),No. 160， Ruiguang Rd.,1,2025-10-25 18:31:29,2025-10-25 18:31:52,2025-10-25 17:10:03,2025-10-25,30,3,25.07335,121.57951,26,2025-10-25 10:32:51.141129,10,5,1,2025-10-25,0.1
500108048,YouBike2.0_民權東路六段15巷,內湖區,2025-10-24 18:00:03,民權東路六段15巷29號,Neihu Dist,YouBike2.0_Ln. 15， Sec. 6， Minquan E. Rd.,No. 29， Ln. 15， Sec. 6， Minquan E. Rd.,1,2025-10-25 18:31:29,2025-10-25 18:31:52,2025-10-24 18:00:03,2025-10-24,28,9,25.06853,121.57813,19,2025-10-25 10:32:51.141129,10,5,1,2025-10-25,0.32142857142857145
500108049,YouBike2.0_扶輪親恩公園,內湖區,2025-10-25 16:20:04,民權東路六段30號,Neihu Dist,YouBike2.0_Rotary Park,No. 30， Sec. 6， Minquan E. Rd.,1,2025-10-25 18:31:29,2025-10-25 18:31:52,2025-10-25 16:20:04,2025-10-25,57,16,25.06709,121.58002,41,2025-10-25 10:32:51.141129,10,5,1,2025-10-25,0.2807017543859649
500108050,YouBike2.0_新湖三民善街口,內湖區,2025-10-25 15:48:15,新湖三路36號,Neihu Dist,YouBike2.0_Xinhu 3rd Rd & Minshan St Intersection,No. 36， Xinhu 3rd Rd.,1,2025-10-25 18:31:29,2025-10-25 18:31:52,2025-10-25 15:48:15,2025-10-25,15,14,25.06286,121.57497,1,2025-10-25 10:32:51.141129,10,5,1,2025-10-25,0.9333333333333333
500108051,YouBike2.0_內湖119號綠地,內湖區,2025-10-25 16:20:04,南京東路六段125號南側,Neihu Dist,YouBike2.0_No.119 Neihu Greens,No. 125， Sec. 6， Nanjing E. Rd. (South),1,2025-10-25 18:31:29,2025-10-25 18:31:52,2025-10-25 16:20:04,2025-10-25,41,11,25.05594,121.57865,30,2025-10-25 10:32:51.141129,10,5,1,2025-10-25,0.2682926829268293
500108052,YouBike2.0_行善公園,內湖區,2025-10-25 04:00:04,潭美街27號西側,Neihu Dist,YouBike2.0_Xingshan Park,No. 27， Tanmei St. (West),1,2025-10-25 18:31:29,2025-10-25 18:31:52,2025-10-25 04:00:04,2025-10-25,25,10,25.05301,121.57592,13,2025-10-25 10:32:51.141129,10,5,1,2025-10-25,0.4
500108054,YouBike2.0_三軍總醫院,內湖區,2025-10-25 15:01:03,成功路二段424號(對面),Neihu Dist,YouBike2.0_Tri-Service General Hospital,No. 424， Sec. 2， Chenggong Rd. (Opposite),1,2025-10-25 18:31:29,2025-10-25 18:31:52,2025-10-25 15:01:03,2025-10-25,50,14,25.07151,121.58991,35,2025-10-25 10:32:51.141129,10,5,1,2025-10-25,0.28
500108055,YouBike2.0_福華商場,內湖區,2025-10-25 17:00:04,民權東路六段/民權東路六段180巷(西南側),Neihu Dist,YouBike2.0_Fuhua Market,Sec. 6， Minquan E. Rd. / Ln. 180， Sec. 6， Minquan E. Rd. (Southwest),1,2025-10-25 18:31:29,2025-10-25 18:31:52,2025-10-25 17:00:04,2025-10-25,25,7,25.06877,121.59265,18,2025-10-25 10:32:51.141129,10,5,1,2025-10-25,0.28
500108056,YouBike2.0_臺北市網球中心,內湖區,2025-10-25 16:20:04,民權東路六段208號(前),Neihu Dist,YouBike2.0_Taipei Tennis Center,No. 208， Sec. 6， Minquan E. Rd.,1,2025-10-25 18:31:29,2025-10-25 18:31:52,2025-10-25 16:20:04,2025-10-25,34,21,25.0674,121.59749,13,2025-10-25 10:32:51.141129,10,5,1,2025-10-25,0.6176470588235294
500108057,YouBike2.0_捷運葫洲站(1號出口),內湖區,2025-10-25 16:40:02,康寧路三段39號(對面),Neihu Dist,YouBike2.0_MRT Huzhou Sta. (Exit 1),No. 39， Sec. 3， Kangning Rd. (Opposite),1,2025-10-25 18:31:29,2025-10-25 18:31:52,2025-10-25 16:40:02,2025-10-25,37,32,25.07249,121.60796,5,2025-10-25 10:32:51.141129,10,5,1,2025-10-25,0.8648648648648649
500108058,YouBike2.0_麗湖國小,內湖區,2025-10-25 11:27:02,金湖路363巷11號(對面),Neihu Dist,YouBike2.0_Lihu Elementary School,No. 11， Ln. 363， Jinhu Rd. (Opposite),1,2025-10-25 18:31:29,2025-10-25 18:31:52,2025-10-25 11:27:02,2025-10-25,27,12,25.07332,121.60223,15,2025-10-25 10:32:51.141129,10,5,1,2025-10-25,0.4444444444444444
500108059,YouBike2.0_金湖路347巷125弄口,內湖區,2025-10-25 14:52:02,金湖路347巷125弄1號(對面),Neihu Dist,YouBike2.0_Aly. 125， Ln. 347， Jinhu Rd. Intersection,No. 1， Aly. 125， Ln. 347， Jinhu Rd. (Opposite),1,2025-10-25 18:31:29,2025-10-25 18:31:52,2025-10-25 14:52:02,2025-10-25,25,13,25.0733,121.59834,12,2025-10-25 10:32:51.141129,10,5,1,2025-10-25,0.52
500108060,YouBike2.0_碧湖公園,內湖區,2025-10-25 16:40:02,內湖路二段/內湖路二段103巷口(東北側),Neihu Dist,YouBike2.0_Bihu Park,Sec. 2， Neihu Rd. / Ln. 103， Sec. 2， Neihu Rd. (Northeast),1,2025-10-25 18:31:29,2025-10-25 18:31:52,2025-10-25 16:40:02,2025-10-25,25,11,25.07988,121.58287,12,2025-10-25 10:32:51.141129,10,5,1,2025-10-25,0.44
500108061,YouBike2.0_碧湖公園(內湖路二段103巷),內湖區,2025-10-25 17:40:03,內湖路二段103巷76號(對面),Neihu Dist,YouBike2.0_Bihu Park (Ln. 103， Sec. 2， Neihu Rd.),No. 76， Ln. 103， Sec. 2， Neihu Rd. (Opposite),1,2025-10-25 18:31:29,2025-10-25 18:31:52,2025-10-25 17:40:03,2025-10-25,19,8,25.08317,121.58109,10,2025-10-25 10:32:51.141129,10,5,1,2025-10-25,0.42105263157894735
500108062,YouBike2.0_貿七社區,內湖區,2025-10-25 18:08:16,內湖路二段179巷48弄17號(旁),Neihu Dist,YouBike2.0_Maoqi Community,No. 17， Aly. 48， Ln. 179， Sec. 2， Neihu Rd.,1,2025-10-25 18:31:29,2025-10-25 18:31:52,2025-10-25 18:08:16,2025-10-25,17,4,25.08357,121.58534,13,2025-10-25 10:32:51.141129,10,5,1,2025-10-25,0.23529411764705882
500108063,YouBike2.0_內湖區農會,內湖區,2025-10-25 13:52:15,內湖路二段334號(前),Neihu Dist,YouBike2.0_Neihu District Farmers' Association,No. 334， Sec. 2， Neihu Rd.,1,2025-10-25 18:31:29,2025-10-25 18:31:52,2025-10-25 13:52:15,2025-10-25,12,11,25.08165,121.58891,1,2025-10-25 10:32:51.141129,10,5,1,2025-10-25,0.9166666666666666
500108064,YouBike2.0_捷運內湖站(2號出口),內湖區,2025-10-25 17:00:04,成功路四段167巷6弄2號(旁),Neihu Dist,YouBike2.0_MRT Neihu Sta. (Exit 2),No. 2， Aly. 6， Ln. 167， Sec. 4， Chenggong Rd.,1,2025-10-25 18:31:29,2025-10-25 18:31:52,2025-10-25 17:00:04,2025-10-25,10,5,25.0835,121.59454,5,2025-10-25 10:32:51.141129,10,5,1,2025-10-25,0.5
500108065,YouBike2.0_康寧金湖路口,內湖區,2025-10-23 14:11:02,康寧路一段273號(對面),Neihu Dist,YouBike2.0_Kangning Rd. & Jinhu Rd. Intersection,No. 273， Sec. 1， Kangning Rd. (Opposite),1,2025-10-25 18:31:29,2025-10-25 18:31:52,2025-10-23 14:11:02,2025-10-23,21,14,25.07896,121.59921,7,2025-10-25 10:32:51.141129,10,5,1,2025-10-25,0.6666666666666666
500108066,YouBike2.0_康寧路一段156巷20弄口,內湖區,2025-10-25 16:35:17,康寧路一段156巷/康寧路一段156巷20弄(西側),Neihu Dist,YouBike2.0_Aly. 20， Ln. 156， Sec. 1， Kangning Rd. Intersection,Ln. 156， Sec. 1， Kangning Rd. / Aly. 20， Ln. 156， Sec. 1， Kangning Rd. (West),1,2025-10-25 18:31:29,2025-10-25 18:31:52,2025-10-25 16:35:17,2025-10-25,20,6,25.07792,121.59354,9,2025-10-25 10:32:51.141129,10,5,1,2025-10-25,0.3
500108067,YouBike2.0_安康公園,內湖區,2025-10-25 10:03:02,五分街14巷31號(對面),Neihu Dist,YouBike2.0_Ankang Park,No. 31， Ln. 14， Wufen St. (Opposite),1,2025-10-25 18:31:29,2025-10-25 18:31:52,2025-10-25 10:03:02,2025-10-25,25,8,25.06657,121.6136,17,2025-10-25 10:32:51.141129,10,5,1,2025-10-25,0.32
500108068,YouBike2.0_安泰街83巷,內湖區,2025-10-25 18:30:03,安泰街83巷3號(對面),Neihu Dist,YouBike2.0_Ln. 83， Antai St.,No. 3， Ln. 83， Antai St. (Opposite),1,2025-10-25 18:31:29,2025-10-25 18:31:52,2025-10-25 18:30:03,2025-10-25,34,21,25.07669,121.61709,13,2025-10-25 10:32:51.141129,10,5,1,2025-10-25,0.6176470588235294
500108069,YouBike2.0_內溝溪生態展示館,內湖區,2025-10-25 07:30:02,康樂街236-3號(前),Neihu Dist,YouBike2.0_Neigousi Ecological Exhibition Hall,No. 236-3， Kangle St.,1,2025-10-25 18:31:29,2025-10-25 18:31:52,2025-10-25 07:30:02,2025-10-25,16,4,25.08722,121.62306,11,2025-10-25 10:32:51.141129,10,5,1,2025-10-25,0.25
500108070,YouBike2.0_捷運港墘站(2號出口),內湖區,2025-10-25 17:30:03,內湖路一段520號,Neihu Dist,YouBike2.0_MRT Gangqian Sta. (Exit 2),No. 520， Sec. 1， Neihu Rd.,1,2025-10-25 18:31:29,2025-10-25 18:31:52,2025-10-25 17:30:03,2025-10-25,47,26,25.07967,121.57584,21,2025-10-25 10:32:51.141129,10,5,1,2025-10-25,0.5531914893617021
500108071,YouBike2.0_東湖國中,內湖區,2025-10-25 16:20:04,康樂街125巷4號(對面),Neihu Dist,YouBike2.0_Dong Hu Junior High School,No. 4， Ln. 125， Kangle St. (Opposite),1,2025-10-25 18:31:29,2025-10-25 18:31:52,2025-10-25 16:20:04,2025-10-25,42,21,25.07334,121.61962,20,2025-10-25 10:32:51.141129,10,5,1,2025-10-25,0.5
500108072,YouBike2.0_石潭公園(安康路),內湖區,2025-10-24 00:22:02,安康路28號西北側,Neihu Dist,YouBike2.0_Shitan Park (Ankang Rd.),No. 28， Ankang Rd. (Northwest),1,2025-10-25 18:31:29,2025-10-25 18:31:52,2025-10-24 00:22:02,2025-10-24,20,7,25.06261,121.59334,13,2025-10-25 10:32:51.141129,10,5,1,2025-10-25,0.35
500108073,YouBike2.0_內湖垃圾焚化廠,內湖區,2025-10-25 13:42:03,安康路290號西側,Neihu Dist,YouBike2.0_Neihu Refuse Incineration Plant,No. 290， Ankang Rd. (West),1,2025-10-25 18:31:29,2025-10-25 18:31:52,2025-10-25 13:42:03,2025-10-25,20,13,25.06209,121.60347,7,2025-10-25 10:32:51.141129,10,5,1,2025-10-25,0.65
500108074,YouBike2.0_康寧公園(北側),內湖區,2025-10-25 08:39:03,康寧路三段60號南側,Neihu Dist,YouBike2.0_Kangning Park (North),No. 60， Sec. 3， Kangning Rd. (South),1,2025-10-25 18:31:29,2025-10-25 18:31:52,2025-10-25 08:39:03,2025-10-25,22,9,25.06927,121.61019,13,2025-10-25 10:32:51.141129,10,5,1,2025-10-25,0.4090909090909091
500108075,YouBike2.0_康寧路三段54巷口,內湖區,2025-10-25 13:50:05,康寧路三段54-5號西側,Neihu Dist,YouBike2.0_Ln. 54， Sec. 3， Kangning Rd. Intersection,No. 54-5， Sec. 3， Kangning Rd. (West),1,2025-10-25 18:31:29,2025-10-25 18:31:52,2025-10-25 13:50:05,2025-10-25,15,7,25.0716,121.60936,8,2025-10-25 10:32:51.141129,10,5,1,2025-10-25,0.4666666666666667
500108076,YouBike2.0_行善路25巷口,內湖區,2025-10-25 15:01:03,行善路39號(前),Neihu Dist,YouBike2.0_Ln. 25， Xingshan Rd. Intersection,No. 39， Xingshan Rd.,1,2025-10-25 18:31:29,2025-10-25 18:31:52,2025-10-25 15:01:03,2025-10-25,21,10,25.05707,121.57658,11,2025-10-25 10:32:51.141129,10,5,1,2025-10-25,0.47619047619047616
500108077,YouBike2.0_新明路460巷口,內湖區,2025-10-25 11:47:02,南京東路六段122號(斜前方),Neihu Dist,YouBike2.0_Ln. 460， Xinming Rd. Intersection,No. 122， Sec. 6， Nanjing E. Rd. ((Front right)),1,2025-10-25 18:31:29,2025-10-25 18:31:52,2025-10-25 11:47:02,2025-10-25,22,9,25.05503,121.57823,10,2025-10-25 10:32:51.141129,10,5,1,2025-10-25,0.4090909090909091
500108078,YouBike2.0_下灣公園,內湖區,2025-10-24 21:09:02,民權東路六段206巷/民權東路六段190巷75弄(西北側),Neihu Dist,YouBike2.0_Xiawan Park,Ln. 206， Sec. 6， Minquan E. Rd. & Aly. 75， Ln. 190， Sec. 6， Minquan E. Rd. (Northwest),1,2025-10-25 18:31:29,2025-10-25 18:31:52,2025-10-24 21:09:02,2025-10-24,30,11,25.06516,121.59561,16,2025-10-25 10:32:51.141129,10,5,1,2025-10-25,0.36666666666666664
500108079,YouBike2.0_民權東路六段245巷口,內湖區,2025-10-25 17:00:04,民權東路六段247號(前),Neihu Dist,YouBike2.0_Ln. 245， Sec. 6， Minquan E. Rd. Intersection,No. 247， Sec. 6， Minquan E. Rd.,1,2025-10-25 18:31:29,2025-10-25 18:31:52,2025-10-25 17:00:04,2025-10-25,17,12,25.06708,121.60059,5,2025-10-25 10:32:51.141129,10,5,1,2025-10-25,0.7058823529411765
500108081,YouBike2.0_東湖國小,內湖區,2025-10-25 16:00:02,東湖路與東湖路113巷口東側,Neihu Dist,YouBike2.0_Donghu Elementary School,Donghu Rd.& Ln. 113， Donghu Rd. Intersection (East),1,2025-10-25 18:31:29,2025-10-25 18:31:52,2025-10-25 16:00:02,2025-10-25,29,8,25.06854,121.61532,21,2025-10-25 10:32:51.141129,10,5,1,2025-10-25,0.27586206896551724
500108082,YouBike2.0_捷運內湖站(1號出口),內湖區,2025-10-25 18:30:03,成功路四段182巷/成功路四段口(西側),Neihu Dist,YouBike2.0_MRT Neihu Sta. (Exit.1),Ln. 182， Sec. 4， Chenggong Rd. & Sec. 4， Chenggong Rd. Intersection (West),1,2025-10-25 18:31:29,2025-10-25 18:31:52,2025-10-25 18:30:03,2025-10-25,28,12,25.08373,121.59406,16,2025-10-25 10:32:51.141129,10,5,1,2025-10-25,0.42857142857142855
500108083,YouBike2.0_瑞光港墘路口,內湖區,2025-10-25 17:20:02,港墘路185號前,Neihu Dist,YouBike2.0_Rueiguang Rd. & Gangcian Rd. Intersection,No. 185， Gangcian Rd.,1,2025-10-25 18:31:29,2025-10-25 18:31:52,2025-10-25 17:20:02,2025-10-25,30,8,25.07611,121.57487,21,2025-10-25 10:32:51.141129,10,5,1,2025-10-25,0.26666666666666666
500108084,YouBike2.0_瑞湖陽光街口,內湖區,2025-10-25 15:43:01,瑞湖街101號對側,Neihu Dist,YouBike2.0_Rueihu St. & Yangguang St. Intersection,No. 101， Rueihu St. (Opposite),1,2025-10-25 18:31:29,2025-10-25 18:31:52,2025-10-25 15:43:01,2025-10-25,34,8,25.07296,121.57603,26,2025-10-25 10:32:51.141129,10,5,1,2025-10-25,0.23529411764705882
500108085,YouBike2.0_金龍公園,內湖區,2025-10-25 14:30:02,金龍路112巷口(金龍公園側),Neihu Dist,YouBike2.0_Jinlong Park,Ln. 112， Jinlong Rd.,1,2025-10-25 18:31:29,2025-10-25 18:31:52,2025-10-25 14:30:02,2025-10-25,15,3,25.08554,121.59076,12,2025-10-25 10:32:51.141129,10,5,1,2025-10-25,0.2
500108086,YouBike2.0_星雲街138巷1弄口,內湖區,2025-10-25 18:07:18,星雲街138巷18號,Neihu Dist,YouBike2.0_Aly. 1， Ln. 138， Xingyun St.,No. 12， Ln. 138， Xingyun St.,1,2025-10-25 18:31:29,2025-10-25 18:31:52,2025-10-25 18:07:18,2025-10-25,21,5,25.07943,121.59544,15,2025-10-25 10:32:51.141129,10,5,1,2025-10-25,0.23809523809523808
500108087,YouBike2.0_東湖一號公園,內湖區,2025-10-25 11:40:03,康寧路三段189巷163弄13號東南側,Neihu Dist,YouBike2.0_Donghu No. 1 Park,No. 13， Aly. 163， Ln. 189， Sec. 3， Kangning Rd. (Southeast),1,2025-10-25 18:31:29,2025-10-25 18:31:52,2025-10-25 11:40:03,2025-10-25,19,6,25.07567,121.6118,13,2025-10-25 10:32:51.141129,10,5,1,2025-10-25,0.3157894736842105
500108088,YouBike2.0_東湖二號公園,內湖區,2025-10-25 16:50:04,康寧路三段99巷39弄70號東南側,Neihu Dist,YouBike2.0_Donghu No. 2 Park,No. 70， Aly. 39， Ln. 99， Sec. 3， Kangning Rd. (Southeast),1,2025-10-25 18:31:29,2025-10-25 18:31:52,2025-10-25 16:50:04,2025-10-25,25,7,25.07415,121.61075,18,2025-10-25 10:32:51.141129,10,5,1,2025-10-25,0.28
500108089,YouBike2.0_康湖二號公園(康寧醫院),內湖區,2025-10-25 18:30:03,成功路五段420巷17號東側,Neihu Dist,YouBike2.0_Kanghu No. 2 Park(Kang-Ning General Hospital),No. 17， Ln. 420， Sec. 5， Chenggong Rd. (East),1,2025-10-25 18:31:29,2025-10-25 18:31:52,2025-10-25 18:30:03,2025-10-25,25,9,25.07514,121.60857,15,2025-10-25 10:32:51.141129,10,5,1,2025-10-25,0.36
500108090,YouBike2.0_堤頂大道新湖一路口,內湖區,2025-10-25 04:29:02,堤頂大道一段215號前,Neihu Dist,YouBike2.0_Tiding Blvd. & Xinhu 1st Rd. Intersection,No. 215， Sec. 1， Tiding Blvd.,1,2025-10-25 18:31:29,2025-10-25 18:31:52,2025-10-25 04:29:02,2025-10-25,20,4,25.05892,121.57354,16,2025-10-25 10:32:51.141129,10,5,1,2025-10-25,0.2
500108091,YouBike2.0_下灣公園(成功路),內湖區,2025-10-25 17:12:19,成功路二段189號北側,Neihu Dist,YouBike2.0_Xiawan Park,No. 189， Sec. 2， Chenggong Rd. (North),1,2025-10-25 18:31:29,2025-10-25 18:31:52,2025-10-25 17:12:19,2025-10-25,16,1,25.06682,121.5907,15,2025-10-25 10:32:51.141129,10,5,1,2025-10-25,0.0625
500108092,YouBike2.0_舊宗行善路口,內湖區,2025-10-25 15:40:02,行善路179號西側,Neihu Dist,YouBike2.0_Jiuzong Rd. & Xingshan Rd. Intersection,No. 179， Xingshan Rd.,1,2025-10-25 18:31:29,2025-10-25 18:31:52,2025-10-25 15:40:02,2025-10-25,22,4,25.05876,121.58062,18,2025-10-25 10:32:51.141129,10,5,1,2025-10-25,0.18181818181818182
500108093,YouBike2.0_新湖二路250巷口,內湖區,2025-10-25 15:40:02,新湖二路/新湖二路250巷(西南側),Neihu Dist,YouBike2.0_Ln. 250， Xinhu 2nd Rd.,Xinhu 2nd Rd. & Ln. 250， Xinhu 2nd Rd. Intersection (Southwest),1,2025-10-25 18:31:29,2025-10-25 18:31:52,2025-10-25 15:40:02,2025-10-25,20,7,25.06455,121.58262,13,2025-10-25 10:32:51.141129,10,5,1,2025-10-25,0.35
500108094,YouBike2.0_成功路四段41巷口,內湖區,2025-10-25 14:39:03,成功路四段41巷6號前側,Neihu Dist,YouBike2.0_Ln. 41， Sec. 4， Chenggong Rd.,No. 6， Ln. 41， Sec. 4， Chenggong Rd.,1,2025-10-25 18:31:29,2025-10-25 18:31:52,2025-10-25 14:39:03,2025-10-25,15,8,25.08105,121.59205,4,2025-10-25 10:32:51.141129,10,5,1,2025-10-25,0.5333333333333333
500108095,YouBike2.0_金湖星雲街口,內湖區,2025-10-25 10:30:03,金湖路83號對側,Neihu Dist,YouBike2.0_Jinhu Rd. & Xingyun St. Intersection,No. 83， Jinhu Rd. (Opposite),1,2025-10-25 18:31:29,2025-10-25 18:31:52,2025-10-25 10:30:03,2025-10-25,30,21,25.08151,121.59764,8,2025-10-25 10:32:51.141129,10,5,1,2025-10-25,0.7
500108096,YouBike2.0_國防醫學院,內湖區,2025-10-24 22:30:02,民權東路六段161號前側,Neihu Dist,YouBike2.0_National Defense Medical Center,No. 161， Sec. 6， Minquan E. Rd.,1,2025-10-25 18:31:29,2025-10-25 18:31:52,2025-10-24 22:30:02,2025-10-24,25,16,25.06851,121.59559,9,2025-10-25 10:32:51.141129,10,5,1,2025-10-25,0.64
500108097,YouBike2.0_民權東路六段190巷117弄口,內湖區,2025-10-25 11:54:03,民權東路六段190巷117弄15號對側,Neihu Dist,YouBike2.0_Aly. 117， Ln. 190， Sec. 6， Minquan E. Rd.,No. 15， Aly. 117， Ln. 190， Sec. 6， Minquan E. Rd.,1,2025-10-25 18:31:29,2025-10-25 18:31:52,2025-10-25 11:54:03,2025-10-25,25,8,25.06434,121.59399,16,2025-10-25 10:32:51.141129,10,5,1,2025-10-25,0.32
500108098,YouBike2.0_內湖運動中心,內湖區,2025-10-25 17:40:03,洲子街12號前,Neihu Dist,YouBike2.0_Taipei Neihu Sports Center,No. 12， Zhouzi St.,1,2025-10-25 18:31:29,2025-10-25 18:31:52,2025-10-25 17:40:03,2025-10-25,21,11,25.07848,121.57493,10,2025-10-25 10:32:51.141129,10,5,1,2025-10-25,0.5238095238095238
500108099,YouBike2.0_九華公園,內湖區,2025-10-25 17:13:15,文湖街21巷68弄25-6號北側,Neihu Dist,YouBike2.0_Jiuhua Park,No. 25-6， Aly. 68， Ln. 21， Wenhu St. (North),1,2025-10-25 18:31:29,2025-10-25 18:31:52,2025-10-25 17:13:15,2025-10-25,25,2,25.08844,121.56122,21,2025-10-25 10:32:51.141129,10,5,1,2025-10-25,0.08
500108100,YouBike2.0_內湖路二段179巷口,內湖區,2025-10-25 15:06:02,內湖路二段179巷242號對側,Neihu Dist,YouBike2.0_Ln. 179， Sec. 2， Neihu Rd.,No. 242， Ln. 179， Sec. 2， Neihu Rd. (Opposite),1,2025-10-25 18:31:29,2025-10-25 18:31:52,2025-10-25 15:06:02,2025-10-25,22,13,25.08454,121.584,9,2025-10-25 10:32:51.141129,10,5,1,2025-10-25,0.5909090909090909
500108102,YouBike2.0_行善行愛路口,內湖區,2025-10-25 16:47:02,行善路243號(前),Neihu Dist,YouBike2.0_Xingshan Rd. & Xing'ai Rd. Intersection,No. 243， Xingshan Rd.,1,2025-10-25 18:31:29,2025-10-25 18:31:52,2025-10-25 16:47:02,2025-10-25,12,7,25.0606,121.58286,4,2025-10-25 10:32:51.141129,10,5,1,2025-10-25,0.5833333333333334
500108103,YouBike2.0_民善新湖二路口(家樂福內湖店),內湖區,2025-10-25 15:37:02,民善街88號(旁),Neihu Dist,YouBike2.0_Xinhu 2nd Rd. & Minshan St. Intersection (Carrefour),No. 88， Minshan St.,1,2025-10-25 18:31:29,2025-10-25 18:31:52,2025-10-25 15:37:02,2025-10-25,23,17,25.06017,121.57552,6,2025-10-25 10:32:51.141129,10,5,1,2025-10-25,0.7391304347826086
500108104,YouBike2.0_統振大樓,內湖區,2025-10-24 08:40:04,安美街181號前,Neihu Dist,YouBike2.0_Welldone Building,No. 181， Anmei St.,1,2025-10-25 18:31:29,2025-10-25 18:31:52,2025-10-24 08:40:04,2025-10-24,25,5,25.06007,121.60138,20,2025-10-25 10:32:51.141129,10,5,1,2025-10-25,0.2
500108105,YouBike2.0_陽光街161巷口,內湖區,2025-10-25 14:33:02,陽光街161巷14號對側,Neihu Dist,YouBike2.0_Ln. 161， Yangguang St. Intersection,No. 14， Ln. 161， Yangguang St. (Opposite),1,2025-10-25 18:31:29,2025-10-25 18:31:52,2025-10-25 14:33:02,2025-10-25,16,9,25.07433,121.58584,7,2025-10-25 10:32:51.141129,10,5,1,2025-10-25,0.5625
500108106,YouBike2.0_潭美公園(南京東路六段368巷),內湖區,2025-10-25 17:20:02,南京東路六段366號對側,Neihu Dist,YouBike2.0_Tanmei Park (Ln. 368， Sec. 6， Nanjing E. Rd.),No. 366， Sec. 6， Nanjing E. Rd. (Opposite),1,2025-10-25 18:31:29,2025-10-25 18:31:52,2025-10-25 17:20:02,2025-10-25,25,14,25.05928,121.58617,11,2025-10-25 10:32:51.141129,10,5,1,2025-10-25,0.56
500108107,YouBike2.0_西康二號公園,內湖區,2025-10-25 18:30:03,文湖街60巷/環山路一段24巷(北側),Neihu Dist,YouBike2.0_Xikang No. 2 Park,Ln. 60， Wenhu St. & Ln. 24， Sec. 1， Huanshan Rd. Intersection (North),1,2025-10-25 18:31:29,2025-10-25 18:31:52,2025-10-25 18:30:03,2025-10-25,21,9,25.08503,121.5637,11,2025-10-25 10:32:51.141129,10,5,1,2025-10-25,0.42857142857142855
500108108,YouBike2.0_三民國中(民權東路六段47巷),內湖區,2025-10-25 12:48:01,民權東路六段47巷6號對側,Neihu Dist,YouBike2.0_Sanmin Junior High School (Ln. 47， Sec. 6， Minquan E. Rd.),No. 6， Ln. 47， Sec. 6， Minquan E. Rd. (Opposite),1,2025-10-25 18:31:29,2025-10-25 18:31:52,2025-10-25 12:48:01,2025-10-25,13,9,25.06935,121.58692,3,2025-10-25 10:32:51.141129,10,5,1,2025-10-25,0.6923076923076923
500108109,YouBike2.0_瑞光路76巷口,內湖區,2025-10-25 11:30:05,瑞光路102號前,Neihu Dist,YouBike2.0_Ln. 76， Ruiguang Rd.,No. 102， Ruiguang Rd.,1,2025-10-25 18:31:29,2025-10-25 18:31:52,2025-10-25 11:30:05,2025-10-25,12,11,25.07168,121.58125,1,2025-10-25 10:32:51.141129,10,5,1,2025-10-25,0.9166666666666666
500108110,YouBike2.0_捷運東湖站,內湖區,2025-10-25 16:10:03,安康路315巷/五分街14巷(西側),Neihu Dist,YouBike2.0_MRT Donghu Sta.,Ln. 315， Ankang Rd. & Ln. 14， Wufen St. Intersection (West),1,2025-10-25 18:31:29,2025-10-25 18:31:52,2025-10-25 16:10:03,2025-10-25,35,18,25.06664,121.61351,17,2025-10-25 10:32:51.141129,10,5,1,2025-10-25,0.5142857142857142
500108111,YouBike2.0_新湖國小,內湖區,2025-10-25 01:54:03,民權東路六段/成功路二段320巷31弄(東南側),Neihu Dist,YouBike2.0_XinHu Elementary School,Sec. 6， Minquan E. Rd. & Aly. 31， Ln. 320， Sec. 2， Chenggong Rd. Intersection (Southeast),1,2025-10-25 18:31:29,2025-10-25 18:31:52,2025-10-25 01:54:03,2025-10-25,23,8,25.06874,121.58923,15,2025-10-25 10:32:51.141129,10,5,1,2025-10-25,0.34782608695652173
500108112,YouBike2.0_碧山內湖路口,內湖區,2025-10-25 17:00:04,內湖路三段72巷15號西側,Neihu Dist,YouBike2.0_Bishan Rd. & Neihu Rd. Intersection,No. 15， Ln. 72， Sec. 3， Neihu Rd. (West),1,2025-10-25 18:31:29,2025-10-25 18:31:52,2025-10-25 17:00:04,2025-10-25,16,9,25.08627,121.5914,7,2025-10-25 10:32:51.141129,10,5,1,2025-10-25,0.5625
500108115,YouBike2.0_民權東路六段413巷,內湖區,2025-10-25 15:52:01,民權東路六段409號前,Neihu Dist,YouBike2.0_Ln. 413， Sec. 6， Minquan E. Rd.,No. 409， Sec. 6， Minquan E. Rd.,1,2025-10-25 18:31:29,2025-10-25 18:31:52,2025-10-25 15:52:01,2025-10-25,25,18,25.07038,121.60352,7,2025-10-25 10:32:51.141129,10,5,1,2025-10-25,0.72
500108116,YouBike2.0_宏匯瑞光廣場(瑞光路),內湖區,2025-10-25 11:40:03,瑞光路353號前(瑞光路側人行道),Neihu Dist,YouBike2.0_Honhui Ruiguang Plaza (Ruiguang Rd.),No. 353， Ruiguang Rd. (Ruiguang Rd.),1,2025-10-25 18:31:29,2025-10-25 18:31:52,2025-10-25 11:40:03,2025-10-25,16,9,25.07676,121.57433,7,2025-10-25 10:32:51.141129,10,5,1,2025-10-25,0.5625
500108117,YouBike2.0_宏匯瑞光廣場(港墘路),內湖區,2025-10-25 11:22:02,瑞光路355號前(港墘路側人行道),Neihu Dist,YouBike2.0_Honhui Ruiguang Plaza (Gangqian Rd.),No. 353， Ruiguang Rd. (Gangqian Rd.),1,2025-10-25 18:31:29,2025-10-25 18:31:52,2025-10-25 11:22:02,2025-10-25,20,4,25.07777,121.57562,16,2025-10-25 10:32:51.141129,10,5,1,2025-10-25,0.2
500108118,YouBike2.0_康樂街151巷,內湖區,2025-10-25 08:10:03,康樂街151巷/康樂街,Neihu Dist,YouBike2.0_Ln. 151， Kangle St.,Ln. 151， Kangle St. & Kangle St. Intersection,1,2025-10-25 18:31:29,2025-10-25 18:31:52,2025-10-25 08:10:03,2025-10-25,24,14,25.07192,121.61955,9,2025-10-25 10:32:51.141129,10,5,1,2025-10-25,0.5833333333333334
500108119,YouBike2.0_內湖路一段360巷,內湖區,2025-10-25 12:50:03,內湖路一段358號,Neihu Dist,YouBike2.0_Ln. 360， Sec. 1， Neihu Rd.,No. 358， Sec. 1， Neihu Rd.,1,2025-10-25 18:31:29,2025-10-25 18:31:52,2025-10-25 12:50:03,2025-10-25,15,8,25.0812,121.57067,5,2025-10-25 10:32:51.141129,10,5,1,2025-10-25,0.5333333333333333
500108120,YouBike2.0_成功路三段83號前,內湖區,2025-10-25 17:20:02,成功路三段83號前,Neihu Dist,YouBike2.0_No. 83， Sec. 3， Chenggong Rd.,No. 83， Sec. 3， Chenggong Rd.,1,2025-10-25 18:31:29,2025-10-25 18:31:52,2025-10-25 17:20:02,2025-10-25,17,12,25.07823,121.5898,5,2025-10-25 10:32:51.141129,10,5,1,2025-10-25,0.7058823529411765
500108121,YouBike2.0_內湖路一段47巷,內湖區,2025-10-25 18:30:03,內湖路一段47巷/內湖路一段47巷22弄,Neihu Dist,YouBike2.0_Ln. 47， Sec. 1， Neihu Rd.,Ln. 47， Sec. 1， Neihu Rd. & Aly. 22， Ln. 47， Sec. 1， Neihu Rd. Intersection,1,2025-10-25 18:31:29,2025-10-25 18:31:52,2025-10-25 18:30:03,2025-10-25,22,11,25.08781,121.55872,11,2025-10-25 10:32:51.141129,10,5,1,2025-10-25,0.5
500108122,YouBike2.0_陽光舊宗路口,內湖區,2025-10-25 17:50:02,陽光街/舊宗路二段,Neihu Dist,YouBike2.0_Yangguang St. & Jiuzong Rd. Intersection,Yangguang St. & Sec. 2， Jiuzong Rd. Intersection,1,2025-10-25 18:31:29,2025-10-25 18:31:52,2025-10-25 17:50:02,2025-10-25,20,5,25.07243,121.57416,15,2025-10-25 10:32:51.141129,10,5,1,2025-10-25,0.25
500108123,YouBike2.0_安湖公園,內湖區,2025-10-25 12:11:01,東湖路113巷95弄/康寧路三段75巷,Neihu Dist,YouBike2.0_Anhu Park,Aly. 95， Ln. 113， Donghu Rd. & Ln. 75， Sec. 3， Kangning Rd. Intersection,1,2025-10-25 18:31:29,2025-10-25 18:31:52,2025-10-25 12:11:01,2025-10-25,15,8,25.07392,121.61545,7,2025-10-25 10:32:51.141129,10,5,1,2025-10-25,0.5333333333333333
500108124,YouBike2.0_湖興公園,內湖區,2025-10-25 16:40:02,成功路二段250巷23弄/成功路二段312巷,Neihu Dist,YouBike2.0_Huxing Park,Aly. 23， Ln. 250， Sec. 2， Chenggong Rd. & Ln. 312， Sec. 2， Chenggong Rd. Intersection,1,2025-10-25 18:31:29,2025-10-25 18:31:52,2025-10-25 16:40:02,2025-10-25,16,7,25.06671,121.58913,7,2025-10-25 10:32:51.141129,10,5,1,2025-10-25,0.4375
500108125,YouBike2.0_安泰公園,內湖區,2025-10-25 10:30:03,安泰街45巷11弄1號,Neihu Dist,YouBike2.0_Antai Park,Aly. 11， Ln. 45， Antai St.,1,2025-10-25 18:31:29,2025-10-25 18:31:52,2025-10-25 10:30:03,2025-10-25,15,4,25.07391,121.61869,11,2025-10-25 10:32:51.141129,10,5,1,2025-10-25,0.26666666666666666
500108126,YouBike2.0_安泰街(康樂橋下),內湖區,2025-10-24 10:06:05,安泰街(康樂橋下),Neihu Dist,YouBike2.0_Antai St.(Kangle Bridge),Antai St.(Kangle Bridge),1,2025-10-25 18:31:29,2025-10-25 18:31:52,2025-10-24 10:06:05,2025-10-24,21,12,25.07849,121.61666,9,2025-10-25 10:32:51.141129,10,5,1,2025-10-25,0.5714285714285714
500108127,YouBike2.0_康樂綠地,內湖區,2025-10-25 03:49:02,康樂街191巷/康樂街,Neihu Dist,YouBike2.0_Kangle Greens,Ln. 191， Kangle St. &  Kangle St. Intersection,1,2025-10-25 18:31:29,2025-10-25 18:31:52,2025-10-25 03:49:02,2025-10-25,20,8,25.07539,121.6203,12,2025-10-25 10:32:51.141129,10,5,1,2025-10-25,0.4
500108128,YouBike2.0_捷運港墘站(1號出口),內湖區,2025-10-25 17:30:03,內湖路一段663號前,Neihu Dist,YouBike2.0_MRT Gangqian Sta. (Exit 1),No. 663， Sec. 1， Neihu Rd.,1,2025-10-25 18:31:29,2025-10-25 18:31:52,2025-10-25 17:30:03,2025-10-25,23,14,25.08004,121.57568,8,2025-10-25 10:32:51.141129,10,5,1,2025-10-25,0.6086956521739131
500108129,YouBike2.0_明美公園(行善路333巷),內湖區,2025-10-25 15:22:15,行善路333巷92號前,Neihu Dist,YouBike2.0_Mingmei Park (Ln. 333， Xingshan Rd.),No. 92， Ln. 333， Xingshan Rd.,1,2025-10-25 18:31:29,2025-10-25 18:31:52,2025-10-25 15:22:15,2025-10-25,16,2,25.06058,121.5866,12,2025-10-25 10:32:51.141129,10,5,1,2025-10-25,0.125
500108131,YouBike2.0_舊宗新湖三路口,內湖區,2025-10-25 16:30:04,舊宗路一段/新湖三路(南側),Neihu Dist,YouBike2.0_Jiuzong Rd. & Xinhu 3rd Rd. Intersection,Sec. 1， Jiuzong Rd. & Xinhu 3rd Rd. Intersection (South),1,2025-10-25 18:31:29,2025-10-25 18:31:52,2025-10-25 16:30:04,2025-10-25,25,14,25.06321,121.57681,11,2025-10-25 10:32:51.141129,10,5,1,2025-10-25,0.56
500108132,YouBike2.0_內湖運動公園,內湖區,2025-10-25 10:10:04,民權東路六段11巷/舊宗路二段,Neihu Dist,YouBike2.0_Neihu Sports Park,Sec. 2， Jiuzong Rd. & Ln. 11， Sec. 6， Minquan E. Rd. Intersection,1,2025-10-25 18:31:29,2025-10-25 18:31:52,2025-10-25 10:10:04,2025-10-25,25,7,25.06745,121.57513,18,2025-10-25 10:32:51.141129,10,5,1,2025-10-25,0.28
500108133,YouBike2.0_內湖路三段326巷口,內湖區,2025-10-25 17:20:02,內湖路三段326巷/內湖路三段,Neihu Dist,YouBike2.0_Ln. 326， Sec. 3， Neihu Rd.,Ln. 326， Sec. 3， Neihu Rd. & Sec. 3， Neihu Rd. Intersection,1,2025-10-25 18:31:29,2025-10-25 18:31:52,2025-10-25 17:20:02,2025-10-25,20,6,25.08968,121.58352,11,2025-10-25 10:32:51.141129,10,5,1,2025-10-25,0.3
500108134,YouBike2.0_成功公園,內湖區,2025-10-25 11:52:02,成功路四段223巷/成功路四段223巷6弄,Neihu Dist,YouBike2.0_Chengong Park,Ln. 223， Sec. 4， Chenggong Rd. & Aly. 6， Ln. 223， Sec. 4， Chenggong Rd. Intersection,1,2025-10-25 18:31:29,2025-10-25 18:31:52,2025-10-25 11:52:02,2025-10-25,11,7,25.08416,121.59665,4,2025-10-25 10:32:51.141129,10,5,1,2025-10-25,0.6363636363636364
500108135,YouBike2.0_康寧路三段189巷93弄口,內湖區,2025-10-25 09:57:03,康寧路三段189巷/康寧路三段189巷93弄,Neihu Dist,YouBike2.0_Aly. 93， Ln. 189， Sec. 3， Kangning Rd.,Ln. 189， Sec. 3， Kangning Rd. & Aly. 93， Ln. 189， Sec. 3， Kangning Rd. Intersection,1,2025-10-25 18:31:29,2025-10-25 18:31:52,2025-10-25 09:57:03,2025-10-25,14,8,25.0735,121.61258,6,2025-10-25 10:32:51.141129,10,5,1,2025-10-25,0.5714285714285714
500108136,YouBike2.0_中國醫藥大學附設醫院臺北分院,內湖區,2025-10-25 17:50:02,內湖路二段368號對側,Neihu Dist,YouBike2.0_China Medical University Hospital (Taipei Branch),No. 368， Sec. 2， Neihu Rd. (Opposite),1,2025-10-25 18:31:29,2025-10-25 18:31:52,2025-10-25 17:50:02,2025-10-25,16,3,25.08227,121.5909,13,2025-10-25 10:32:51.141129,10,5,1,2025-10-25,0.1875
500108137,YouBike2.0_康樂抽水站,內湖區,2025-10-25 09:43:02,東湖路160巷23號,Neihu Dist,YouBike2.0_Kangle Pumping Station,No. 23， Ln. 160， Donghu Rd.,1,2025-10-25 18:31:29,2025-10-25 18:31:52,2025-10-25 09:43:02,2025-10-25,25,11,25.06643,121.61732,14,2025-10-25 10:32:51.141129,10,5,1,2025-10-25,0.44
500108138,YouBike2.0_環山路三段16巷口,內湖區,2025-10-25 11:39:02,環山路三段/環山路三段16巷口(東南側),Neihu Dist,YouBike2.0_Ln. 16， Sec. 3， Huanshan Rd.,Sec. 3， Huanshan Rd. & Ln. 16， Sec. 3， Huanshan Rd. Intersection (Southeast),1,2025-10-25 18:31:29,2025-10-25 18:31:52,2025-10-25 11:39:02,2025-10-25,21,13,25.08464,121.57945,6,2025-10-25 10:32:51.141129,10,5,1,2025-10-25,0.6190476190476191
500108139,YouBike2.0_文德一號綠地,內湖區,2025-10-25 14:52:02,內湖區文德路91號旁,Neihu Dist,YouBike2.0_Wende Green No.1,No. 91， Wende Rd.,1,2025-10-25 18:31:29,2025-10-25 18:31:52,2025-10-25 14:52:02,2025-10-25,15,6,25.0786,121.58302,9,2025-10-25 10:32:51.141129,10,5,1,2025-10-25,0.4
500108140,YouBike2.0_臺北花市,內湖區,2025-10-24 13:29:02,新湖三路28號前人行道,Neihu Dist,YouBike2.0_Taipei Flowers Auction,No. 28， Xinhu 3rd Rd.,1,2025-10-25 18:31:29,2025-10-25 18:31:52,2025-10-24 13:29:02,2025-10-24,33,6,25.06265,121.57427,27,2025-10-25 10:32:51.141129,10,5,1,2025-10-25,0.18181818181818182
500108141,YouBike2.0_行善社會住宅,內湖區,2025-10-25 17:00:04,行愛路與新湖一路口西南側,Neihu Dist,YouBike2.0_Xingshan Social Housing,Xing'ai Rd. & Xinhu 1st Rd. Intersection (Southwest),1,2025-10-25 18:31:29,2025-10-25 18:31:52,2025-10-25 17:00:04,2025-10-25,23,13,25.06126,121.58201,9,2025-10-25 10:32:51.141129,10,5,1,2025-10-25,0.5652173913043478
500108142,YouBike2.0_康寧路三段99巷17弄口,內湖區,2025-10-25 08:47:03,康寧路三段99巷19號對側,Neihu Dist,YouBike2.0_Aly. 17， Ln. 99， Sec. 3， Kangning Rd.,No. 19， Ln. 99， Sec. 3， Kangning Rd. (Opposite),1,2025-10-25 18:31:29,2025-10-25 18:31:52,2025-10-25 08:47:03,2025-10-25,15,12,25.0721,121.60991,3,2025-10-25 10:32:51.141129,10,5,1,2025-10-25,0.8
500108143,YouBike2.0_堤頂大道二段407巷口,內湖區,2025-10-25 09:34:02,堤頂大道二段405號前,Neihu Dist,YouBike2.0_Ln. 407， Sec. 2， Tiding Blvd.,No. 405， Sec. 2， Tiding Blvd.,1,2025-10-25 18:31:29,2025-10-25 18:31:52,2025-10-25 09:34:02,2025-10-25,15,9,25.08019,121.56316,6,2025-10-25 10:32:51.141129,10,5,1,2025-10-25,0.6
500108144,YouBike2.0_海德堡科技大樓,內湖區,2025-10-23 10:03:01,堤頂大道二段473號前,Neihu Dist,YouBike2.0_Heidelberg Science & Technology Building,No. 473， Sec. 2， Tiding Blvd.,1,2025-10-25 18:31:29,2025-10-25 18:31:52,2025-10-23 10:03:01,2025-10-23,12,7,25.08156,121.56227,5,2025-10-25 10:32:51.141129,10,5,1,2025-10-25,0.5833333333333334
500108145,YouBike2.0_致伸科技大樓,內湖區,2025-10-25 15:37:02,瑞光路669號旁,Neihu Dist,YouBike2.0_Primax Headquarters Building,No. 669， Ruiguang Rd.,1,2025-10-25 18:31:29,2025-10-25 18:31:52,2025-10-25 15:37:02,2025-10-25,17,10,25.08067,121.5656,7,2025-10-25 10:32:51.141129,10,5,1,2025-10-25,0.5882352941176471
500108146,YouBike2.0_內湖路一段288巷口,內湖區,2025-10-25 14:20:03,內湖路一段290號前,Neihu Dist,YouBike2.0_Ln. 288， Sec. 1， Neihu Rd.,No. 290， Sec. 1， Neihu Rd.,1,2025-10-25 18:31:29,2025-10-25 18:31:52,2025-10-25 14:20:03,2025-10-25,20,7,25.08202,121.56861,12,2025-10-25 10:32:51.141129,10,5,1,2025-10-25,0.35
500108147,YouBike2.0_大都會客運內湖站,內湖區,2025-10-25 00:24:02,民權東路六段11巷25號對側,Neihu Dist,YouBike2.0_Mtc Bus (Neihu),No. 25， Ln. 11， Sec. 6， Minquan E. Rd. (Opposite),1,2025-10-25 18:31:29,2025-10-25 18:31:52,2025-10-25 00:24:02,2025-10-25,25,9,25.06749,121.57784,16,2025-10-25 10:32:51.141129,10,5,1,2025-10-25,0.36
500108148,YouBike2.0_瑞湖公園,內湖區,2025-10-25 14:40:03,民權東路六段15巷/民權東路六段19巷,Neihu Dist,YouBike2.0_Ruihu Park,Aly. 15， Sec. 6， Minquan E. Rd. & Aly. 19， Sec. 6， Minquan E. Rd. Intersection,1,2025-10-25 18:31:29,2025-10-25 18:31:52,2025-10-25 14:40:03,2025-10-25,15,6,25.06888,121.57711,9,2025-10-25 10:32:51.141129,10,5,1,2025-10-25,0.4
500108150,YouBike2.0_台灣世曦大樓,內湖區,2025-10-25 15:43:01,陽光街323號,Neihu Dist,YouBike2.0_CECI Engineering Consultants， Inc.,No. 323， Yangguang St.,1,2025-10-25 18:31:29,2025-10-25 18:31:52,2025-10-25 15:43:01,2025-10-25,16,7,25.07345,121.57848,9,2025-10-25 10:32:51.141129,10,5,1,2025-10-25,0.4375
500108151,YouBike2.0_遠雄時代總部,內湖區,2025-10-25 18:30:03,瑞光路423號,Neihu Dist,YouBike2.0_Farglory Group,No. 423， Yangguang St.,1,2025-10-25 18:31:29,2025-10-25 18:31:52,2025-10-25 18:30:03,2025-10-25,14,2,25.07821,121.57103,11,2025-10-25 10:32:51.141129,10,5,1,2025-10-25,0.14285714285714285
500108152,YouBike2.0_瑞光路358巷口,內湖區,2025-10-25 07:00:03,瑞光路/瑞光路358巷,Neihu Dist,YouBike2.0_Ln. 358， Ruiguang Rd.,Ruiguang Rd. & Ln. 358， Ruiguang Rd. Intersection,1,2025-10-25 18:31:29,2025-10-25 18:31:52,2025-10-25 07:00:03,2025-10-25,14,8,25.07733,121.5727,5,2025-10-25 10:32:51.141129,10,5,1,2025-10-25,0.5714285714285714
500108153,YouBike2.0_大港墘公園(洲子街),內湖區,2025-10-25 17:00:19,洲子街/瑞光路393巷,Neihu Dist,YouBike2.0_Dagangqian Park (Zhouzi St.),Zhouzi St. & Ln. 393， Ruiguang Rd. Intersection,1,2025-10-25 18:31:29,2025-10-25 18:31:52,2025-10-25 17:00:19,2025-10-25,18,1,25.07897,121.5737,16,2025-10-25 10:32:51.141129,10,5,1,2025-10-25,0.05555555555555555
500108154,YouBike2.0_世紀經貿,內湖區,2025-10-25 17:42:16,內湖路一段396號,Neihu Dist,YouBike2.0_Century Trade Building,No. 396， Sec. 1， Neihu Rd.,1,2025-10-25 18:31:29,2025-10-25 18:31:52,2025-10-25 17:42:16,2025-10-25,16,2,25.08049,121.57361,14,2025-10-25 10:32:51.141129,10,5,1,2025-10-25,0.125
500108156,YouBike2.0_民權東路六段56巷口,內湖區,2025-10-25 11:27:02,民權東路六段56巷7號對側,Neihu Dist,YouBike2.0_Ln. 56， Sec. 6， Minquan E. Rd.,No. 7， Ln. 56， Sec. 6， Minquan E. Rd. (Opposite),1,2025-10-25 18:31:29,2025-10-25 18:31:52,2025-10-25 11:27:02,2025-10-25,25,10,25.06805,121.58488,15,2025-10-25 10:32:51.141129,10,5,1,2025-10-25,0.4
500108157,YouBike2.0_新湖三行忠路72巷口,內湖區,2025-10-25 07:30:02,新湖三路/行忠路72巷,Neihu Dist,YouBike2.0_Xinhu 3rd Rd. & Ln. 146， Xinhu 2nd Rd. Intersection,No. 122、124， Xinhu 3rd Rd. (Opposite),1,2025-10-25 18:31:29,2025-10-25 18:31:52,2025-10-25 07:30:02,2025-10-25,18,4,25.06605,121.58206,14,2025-10-25 10:32:51.141129,10,5,1,2025-10-25,0.2222222222222222
500108158,YouBike2.0_新湖三新湖二146巷口,內湖區,2025-10-25 11:41:02,新湖三路122、124號對側,Neihu Dist,YouBike2.0_Xinhu 3rd Rd. & Ln. 146， Xinhu 2nd Rd. Intersection,No. 122、124， Xinhu 3rd Rd. (Opposite),1,2025-10-25 18:31:29,2025-10-25 18:31:52,2025-10-25 11:41:02,2025-10-25,25,1,25.06407,121.57787,24,2025-10-25 10:32:51.141129,10,5,1,2025-10-25,0.04
500108159,YouBike2.0_舊宗新湖二路口,內湖區,2025-10-25 18:30:03,舊宗路一段/新湖二路(南側),Neihu Dist,YouBike2.0_Jiuzong Rd. & Xinhu 2nd Rd. Intersection,Sec. 1， Jiuzong Rd. & Xinhu 2nd Rd. Intersection (South),1,2025-10-25 18:31:29,2025-10-25 18:31:52,2025-10-25 18:30:03,2025-10-25,25,15,25.06151,121.57811,9,2025-10-25 10:32:51.141129,10,5,1,2025-10-25,0.6
500108160,YouBike2.0_新光基湖大樓,內湖區,2025-10-24 23:42:02,基湖路12號,Neihu Dist,YouBike2.0_Shinkong Jihu Building,No. 12， Jihu Rd.,1,2025-10-25 18:31:29,2025-10-25 18:31:52,2025-10-24 23:42:02,2025-10-24,19,9,25.08152,121.56489,10,2025-10-25 10:32:51.141129,10,5,1,2025-10-25,0.47368421052631576
500108161,YouBike2.0_內湖路一段120巷15弄,內湖區,2025-10-25 09:00:04,內湖路一段120巷15弄8號對側,Neihu Dist,YouBike2.0_Aly. 15， Ln. 120， Sec. 1， Neihu Rd.,No. 8， Aly. 15， Ln. 120， Sec. 1， Neihu Rd. (Opposite),1,2025-10-25 18:31:29,2025-10-25 18:31:52,2025-10-25 09:00:04,2025-10-25,32,13,25.08203,121.56298,18,2025-10-25 10:32:51.141129,10,5,1,2025-10-25,0.40625
500108162,YouBike2.0_北勢湖環保公園(堤頂大道側),內湖區,2025-10-25 14:44:02,堤頂大道二段501號前,Neihu Dist,YouBike2.0_Beishihu Environmental Protection Park,No. 501， Sec. 2， Tiding Blvd.,1,2025-10-25 18:31:29,2025-10-25 18:31:52,2025-10-25 14:44:02,2025-10-25,21,11,25.08318,121.56154,10,2025-10-25 10:32:51.141129,10,5,1,2025-10-25,0.5238095238095238
500108164,YouBike2.0_達爾文大樓,內湖區,2025-10-25 16:10:03,洲子街61號,Neihu Dist,YouBike2.0_Darwin Building,No. 61， Zhouzi St.,1,2025-10-25 18:31:29,2025-10-25 18:31:52,2025-10-25 16:10:03,2025-10-25,15,8,25.07941,121.57277,7,2025-10-25 10:32:51.141129,10,5,1,2025-10-25,0.5333333333333333
500108165,YouBike2.0_東湖四號公園,內湖區,2025-10-25 15:40:02,康樂街110巷21號對側,Neihu Dist,YouBike2.0_Donghu Park No.4,No. 21， Ln. 110， Kangle St. (Opposite),1,2025-10-25 18:31:29,2025-10-25 18:31:52,2025-10-25 15:40:02,2025-10-25,28,16,25.07074,121.61803,12,2025-10-25 10:32:51.141129,10,5,1,2025-10-25,0.5714285714285714
500108166,YouBike2.0_加瑪科技中心,內湖區,2025-10-25 11:27:02,內湖路一段360巷17-19號,Neihu Dist,YouBike2.0_Gamma Technology center,No. 17-19， Ln. 360， Sec. 1， Neihu Rd.,1,2025-10-25 18:31:29,2025-10-25 18:31:52,2025-10-25 11:27:02,2025-10-25,13,8,25.08035,121.5705,5,2025-10-25 10:32:51.141129,10,5,1,2025-10-25,0.6153846153846154
500108167,YouBike2.0_福壽公園,內湖區,2025-10-25 11:49:03,星雲街156號對側,Neihu Dist,YouBike2.0_Fushou Park,No. 156， Xingyun St.,1,2025-10-25 18:31:29,2025-10-25 18:31:52,2025-10-25 11:49:03,2025-10-25,14,9,25.07983,121.59625,5,2025-10-25 10:32:51.141129,10,5,1,2025-10-25,0.6428571428571429
500108168,YouBike2.0_捷運西湖站(1號出口)內湖路側,內湖區,2025-10-25 17:40:03,內湖區內湖路一段289號,Neihu Dist,YouBike2.0_MRT Xihu Sta. (Exit 1) (Neihu Rd.),No. 289， Sec. 1， Neihu Rd.,1,2025-10-25 18:31:29,2025-10-25 18:31:52,2025-10-25 17:40:03,2025-10-25,20,13,25.08227,121.56709,7,2025-10-25 10:32:51.141129,10,5,1,2025-10-25,0.65
500108169,YouBike2.0_威剛科技總部,內湖區,2025-10-25 07:51:02,潭美街537號前,Neihu Dist,YouBike2.0_ADATA Technology,No. 537， Tanmei St.,1,2025-10-25 18:31:29,2025-10-25 18:31:52,2025-10-25 07:51:02,2025-10-25,52,9,25.06153,121.60033,43,2025-10-25 10:32:51.141129,10,5,1,2025-10-25,0.17307692307692307
500108170,YouBike2.0_太陽科技廣場,內湖區,2025-10-25 17:10:03,內湖路一段91巷16號對側,Neihu Dist,YouBike2.0_Sun Technology Plaza,No. 16， Ln. 91， Sec. 1， Neihu Rd. (Opposite),1,2025-10-25 18:31:29,2025-10-25 18:31:52,2025-10-25 17:10:03,2025-10-25,15,9,25.08514,121.56161,5,2025-10-25 10:32:51.141129,10,5,1,2025-10-25,0.6
500108171,YouBike2.0_瑞光路316巷,內湖區,2025-10-25 01:11:01,瑞光路316巷35號,Neihu Dist,YouBike2.0_Ln. 316， Ruiguang Rd.,No. 35， Ln. 316， Ruiguang Rd.,1,2025-10-25 18:31:29,2025-10-25 18:31:52,2025-10-25 01:11:01,2025-10-25,20,2,25.07567,121.57341,18,2025-10-25 10:32:51.141129,10,5,1,2025-10-25,0.1
500108172,YouBike2.0_文德路220巷口,內湖區,2025-10-25 16:30:04,文德路與文德路220巷口西南側,Neihu Dist,YouBike2.0_Ln. 220， WenDe Rd.,WenDe Rd. & Ln. 220， WenDe Rd. Intersection (Southwest),1,2025-10-25 18:31:29,2025-10-25 18:31:52,2025-10-25 16:30:04,2025-10-25,20,13,25.07862,121.58796,7,2025-10-25 10:32:51.141129,10,5,1,2025-10-25,0.65
500108173,YouBike2.0_長壽抽水站,內湖區,2025-10-25 00:12:04,安美街38號前方,Neihu Dist,YouBike2.0_ChangShou Pumping Station,No. 38， AnMei St.,1,2025-10-25 18:31:29,2025-10-25 18:31:52,2025-10-25 00:12:04,2025-10-25,20,6,25.06099,121.59662,14,2025-10-25 10:32:51.141129,10,5,1,2025-10-25,0.3
500108174,YouBike2.0_捷運葫洲站(2號出口),內湖區,2025-10-25 17:40:03,康寧路三段16巷6號斜對面,Neihu Dist,YouBike2.0_MRT Huzhou Sta. (Exit 2),No. 6， Ln. 16， Sec. 3， KangNing Rd. (Opposite),1,2025-10-25 18:31:29,2025-10-25 18:31:52,2025-10-25 17:40:03,2025-10-25,20,14,25.07264,121.60692,6,2025-10-25 10:32:51.141129,10,5,1,2025-10-25,0.7
500108175,YouBike2.0_五分埤,內湖區,2025-10-25 16:40:02,康樂街201巷25-35號對側,Neihu Dist,YouBike2.0_WuFenPi,No. 25-35， Ln. 201， KangLe St.,1,2025-10-25 18:31:29,2025-10-25 18:31:52,2025-10-25 16:40:02,2025-10-25,16,8,25.07595,121.62257,8,2025-10-25 10:32:51.141129,10,5,1,2025-10-25,0.5
500108176,YouBike2.0_環山路三段1巷(麗山高中),內湖區,2025-10-25 06:56:02,環山路三段15號對面,Neihu Dist,YouBike2.0_Ln. 1， Sec. 3， HuanShan Rd. (Lishan Senior High School),No. 15， Sec. 3， HuanShan Rd. (Opposite),1,2025-10-25 18:31:29,2025-10-25 18:31:52,2025-10-25 06:56:02,2025-10-25,18,9,25.08438,121.57876,8,2025-10-25 10:32:51.141129,10,5,1,2025-10-25,0.5
500108177,YouBike2.0_潭美公園(南京東路六段482號),內湖區,2025-10-24 14:33:01,南京東路六段482號,Neihu Dist,YouBike2.0_TanMei Park (No. 482， Sec. 6， NanJing E. Rd.),No. 482， Sec. 6， NanJing E. Rd.,1,2025-10-25 18:31:29,2025-10-25 18:31:52,2025-10-24 14:33:01,2025-10-24,29,10,25.06092,121.58898,19,2025-10-25 10:32:51.141129,10,5,1,2025-10-25,0.3448275862068966
500108178,YouBike2.0_美善公園,內湖區,2025-10-25 17:10:03,行善路59巷40弄20號對側,Neihu Dist,YouBike2.0_MeiShan Park,No. 20， Aly. 40， Ln. 59， XingShan Rd. (Opposite),1,2025-10-25 18:31:29,2025-10-25 18:31:52,2025-10-25 17:10:03,2025-10-25,22,6,25.05703,121.57861,16,2025-10-25 10:32:51.141129,10,5,1,2025-10-25,0.2727272727272727
500108179,YouBike2.0_潭美公園(新明路298巷),內湖區,2025-10-25 14:33:02,南京東路六段242號對側,Neihu Dist,YouBike2.0_TanMei Park (Ln. 298， XinMing Rd.),No. 242， Sec. 6， NanJing E. Rd. (Opposite),1,2025-10-25 18:31:29,2025-10-25 18:31:52,2025-10-25 14:33:02,2025-10-25,26,8,25.05698,121.58173,14,2025-10-25 10:32:51.141129,10,5,1,2025-10-25,0.3076923076923077
500108181,YouBike2.0_麗山國小(內湖路一段411巷),內湖區,2025-10-25 17:10:03,內湖路一段411巷/港華街,Neihu Dist,YouBike2.0_LisHan Elementary School (Ln. 411， Sec. 1， NeiHu Rd.),Ln. 411， Sec. 1， NeiHu Rd. & GangHua St. Intersection,1,2025-10-25 18:31:29,2025-10-25 18:31:52,2025-10-25 17:10:03,2025-10-25,22,9,25.08389,121.57189,11,2025-10-25 10:32:51.141129,10,5,1,2025-10-25,0.4090909090909091
500108182,YouBike2.0_行善路417巷,內湖區,2025-10-25 14:40:03,行善路417巷30號對側,Neihu Dist,YouBike2.0_Ln. ˋ417， Xingshan Rd.,No. 30， Ln. 417， Xingshan Rd. (Opposite),1,2025-10-25 18:31:29,2025-10-25 18:31:52,2025-10-25 14:40:03,2025-10-25,26,5,25.06468,121.58654,19,2025-10-25 10:32:51.141129,10,5,1,2025-10-25,0.19230769230769232
500108183,YouBike2.0_明湖國小(康寧路三段165巷23弄),內湖區,2025-10-25 15:52:01,康寧路三段165巷23弄7號前,Neihu Dist,YouBike2.0_Ming Hu Elementary School (Aly. 23， Ln. 165， Sec. 3， KangNing Rd.),No. 7， Aly. 23， Ln. 165， Sec. 3， KangNing Rd.,1,2025-10-25 18:31:29,2025-10-25 18:31:52,2025-10-25 15:52:01,2025-10-25,26,17,25.07165,121.61177,9,2025-10-25 10:32:51.141129,10,5,1,2025-10-25,0.6538461538461539
500108184,YouBike2.0_康寧路三段70巷153號,內湖區,2025-10-25 03:20:03,康寧路三段70巷153號對側,Neihu Dist,YouBike2.0_No. 153， Ln. 70， Sec. 3， KangNing Rd.,No. 153， Ln. 70， Sec. 3， KangNing Rd. (Opposite),1,2025-10-25 18:31:29,2025-10-25 18:31:52,2025-10-25 03:20:03,2025-10-25,20,9,25.06658,121.60803,11,2025-10-25 10:32:51.141129,10,5,1,2025-10-25,0.45
500108185,YouBike2.0_東湖立體停車場,內湖區,2025-10-25 14:40:03,東湖路1號,Neihu Dist,YouBike2.0_Donghu Parking Lot,No. 1， DongHu Rd.,1,2025-10-25 18:31:29,2025-10-25 18:31:52,2025-10-25 14:40:03,2025-10-25,15,7,25.0692,121.6122,8,2025-10-25 10:32:51.141129,10,5,1,2025-10-25,0.4666666666666667
500108187,YouBike2.0_文德路66巷14弄,內湖區,2025-10-25 16:30:04,文德路66巷14弄16號,Neihu Dist,YouBike2.0_Aly. 14， Ln. 66， WenDe Rd.,No. 16， Aly. 14， Ln. 66， WenDe Rd.,1,2025-10-25 18:31:29,2025-10-25 18:31:52,2025-10-25 16:30:04,2025-10-25,18,4,25.07712,121.58096,11,2025-10-25 10:32:51.141129,10,5,1,2025-10-25,0.2222222222222222
500108188,YouBike2.0_捷運東湖站(3號出口),內湖區,2025-10-25 17:10:03,康寧路三段245巷2號對側,Neihu Dist,YouBike2.0_MRT Donghu Sta. (Exit 3),No. 2， Ln. 245， Sec. 3， KangNing Rd. (Opposite),1,2025-10-25 18:31:29,2025-10-25 18:31:52,2025-10-25 17:10:03,2025-10-25,30,12,25.06701,121.61194,18,2025-10-25 10:32:51.141129,10,5,1,2025-10-25,0.4
500108189,YouBike2.0_捷運大湖公園站(1號出口),內湖區,2025-10-25 17:30:03,捷運大湖公園站(1號出口)外側,Neihu Dist,YouBike2.0_MRT Dahu Park Sta. (Exit 1),MRT Dahu Park Sta. (Exit 1),1,2025-10-25 18:31:29,2025-10-25 18:31:52,2025-10-25 17:30:03,2025-10-25,24,6,25.08383,121.60253,18,2025-10-25 10:32:51.141129,10,5,1,2025-10-25,0.25
500108190,YouBike2.0_內湖路一段1巷口,內湖區,2025-10-25 16:50:04,內湖路一段1巷1號,Neihu Dist,YouBike2.0_Ln. 1， Sec. 1， NeiHu Rd.,No. 1， Ln. 1， Sec. 1， NeiHu Rd.,1,2025-10-25 18:31:29,2025-10-25 18:31:52,2025-10-25 16:50:04,2025-10-25,20,3,25.08533,121.558,17,2025-10-25 10:32:51.141129,10,5,1,2025-10-25,0.15
500108191,YouBike2.0_環山路一段136巷口,內湖區,2025-10-25 16:50:04,環山路一段136巷1號,Neihu Dist,YouBike2.0_Ln. 136， Sec. 1， HuanShan Rd.,No. 1， Ln. 136， Sec. 1， HuanShan Rd.,1,2025-10-25 18:31:29,2025-10-25 18:31:52,2025-10-25 16:50:04,2025-10-25,28,7,25.08645,121.56928,19,2025-10-25 10:32:51.141129,10,5,1,2025-10-25,0.25
500108192,YouBike2.0_上灣公園,內湖區,2025-10-25 15:50:04,民權東路六段210巷45號旁,Neihu Dist,YouBike2.0_Shangwan Park,No. 45， Ln. 210， Sec. 6， MinQuan E. Rd.,1,2025-10-25 18:31:29,2025-10-25 18:31:52,2025-10-25 15:50:04,2025-10-25,25,15,25.06572,121.59778,8,2025-10-25 10:32:51.141129,10,5,1,2025-10-25,0.6
500108193,YouBike2.0_湖興公園(成功路),內湖區,2025-10-25 05:43:03,成功路二段276號旁,Neihu Dist,YouBike2.0_Huxing Park (ChengGong Rd.),No. 276， Sec. 2， ChengGong Rd.,1,2025-10-25 18:31:29,2025-10-25 18:31:52,2025-10-25 05:43:03,2025-10-25,21,4,25.06703,121.59048,17,2025-10-25 10:32:51.141129,10,5,1,2025-10-25,0.19047619047619047
500108194,YouBike2.0_文德三號公園(文德路),內湖區,2025-10-25 13:36:02,文德路50號旁公園,Neihu Dist,YouBike2.0_WenDe Park No. 3 (WenDe Rd.),No. 50， WenDe Rd.,1,2025-10-25 18:31:29,2025-10-25 18:31:52,2025-10-25 13:36:02,2025-10-25,21,12,25.07834,121.58076,8,2025-10-25 10:32:51.141129,10,5,1,2025-10-25,0.5714285714285714
500108195,YouBike2.0_康寧路一段218巷2弄口,內湖區,2025-10-25 17:50:02,康寧路一段242號前,Neihu Dist,YouBike2.0_Aly. 2， Ln. 218， Sec. 1， KangNing Rd.,No. 242， Sec. 1， KangNing Rd.,1,2025-10-25 18:31:29,2025-10-25 18:31:52,2025-10-25 17:50:02,2025-10-25,18,13,25.07837,121.59652,5,2025-10-25 10:32:51.141129,10,5,1,2025-10-25,0.7222222222222222
500108196,YouBike2.0_星雲街210巷口,內湖區,2025-10-25 08:59:02,星雲街210巷26號對面,Neihu Dist,YouBike2.0_Ln. 210， XingYun St.,No. 26， Ln. 210， Xingyun St.(Opposite),1,2025-10-25 18:31:29,2025-10-25 18:31:52,2025-10-25 08:59:02,2025-10-25,16,7,25.07966,121.59793,7,2025-10-25 10:32:51.141129,10,5,1,2025-10-25,0.4375
500108197,YouBike2.0_成功路二段406巷口,內湖區,2025-10-25 17:30:03,成功路二段390號(前),Neihu Dist,YouBike2.0_Ln. 406， Sec. 2， ChengGong Rd.,No. 390， Sec. 2， ChengGong Rd.,1,2025-10-25 18:31:29,2025-10-25 18:31:52,2025-10-25 17:30:03,2025-10-25,20,6,25.07077,121.59,14,2025-10-25 10:32:51.141129,10,5,1,2025-10-25,0.3
500108198,YouBike2.0_民權東路六段280巷69弄,內湖區,2025-10-25 07:02:02,民權東路六段280巷69弄50之7,Neihu Dist,YouBike2.0_Aly. 69， Ln. 280， Sec. 6， MinQuan E. Rd.,No. 50-7， Aly. 69， Ln. 280， Sec. 6， MinQuan E. Rd.,1,2025-10-25 18:31:29,2025-10-25 18:31:52,2025-10-25 07:02:02,2025-10-25,19,9,25.06892,121.60724,10,2025-10-25 10:32:51.141129,10,5,1,2025-10-25,0.47368421052631576
500108199,YouBike2.0_捷運東湖站(2號出口),內湖區,2025-10-25 16:47:02,康寧路三段/五分街口西側,Neihu Dist,YouBike2.0_MRT Donghu Sta. (Exit 2),Sec. 3， KangNing Rd. & WuFen St. Intersection (West),1,2025-10-25 18:31:29,2025-10-25 18:31:52,2025-10-25 16:47:02,2025-10-25,20,13,25.06769,121.61163,7,2025-10-25 10:32:51.141129,10,5,1,2025-10-25,0.65
500108200,YouBike2.0_民權東路六段280巷155弄口,內湖區,2025-10-24 20:48:02,民權東路六段280巷155弄5號 對側,Neihu Dist,YouBike2.0_Aly. 155， Ln. 280， Sec. 6， MinQuan E. Rd.,No. 5， Aly. 155， Ln. 280， Sec. 6， MinQuan E. Rd. (Opposite),1,2025-10-25 18:31:29,2025-10-25 18:31:52,2025-10-24 20:48:02,2025-10-24,21,6,25.06865,121.60884,15,2025-10-25 10:32:51.141129,10,5,1,2025-10-25,0.2857142857142857
500108201,YouBike2.0_將軍嶺,內湖區,2025-10-25 16:40:02,成功路二段371號,Neihu Dist,YouBike2.0_Jiangjun Ling,No. 371， Sec. 2， ChengGong Rd.,1,2025-10-25 18:31:29,2025-10-25 18:31:52,2025-10-25 16:40:02,2025-10-25,23,17,25.07457,121.5901,3,2025-10-25 10:32:51.141129,10,5,1,2025-10-25,0.7391304347826086
500108202,YouBike2.0_文湖街21巷82弄口,內湖區,2025-10-25 17:20:02,文湖街21巷84號,Neihu Dist,YouBike2.0_Aly. 82， Ln. 21， WenHu St.,No. 84， Ln. 21， WenHu St.,1,2025-10-25 18:31:29,2025-10-25 18:31:52,2025-10-25 17:20:02,2025-10-25,21,6,25.08899,121.56036,14,2025-10-25 10:32:51.141129,10,5,1,2025-10-25,0.2857142857142857
500108203,YouBike2.0_西湖公園(內湖路一段387巷),內湖區,2025-10-25 13:40:02,內湖路一段411巷68號對側,Neihu Dist,YouBike2.0_Xihu Park (Ln. 387， Sec. 1， NeiHu Rd.),No. 68， Ln. 411， Sec. 1， NeiHu Rd. (Opposite),1,2025-10-25 18:31:29,2025-10-25 18:31:52,2025-10-25 13:40:02,2025-10-25,25,15,25.08409,121.57066,10,2025-10-25 10:32:51.141129,10,5,1,2025-10-25,0.6
500108204,YouBike2.0_國立臺灣戲曲學院(內湖校區),內湖區,2025-10-25 14:33:02,內湖路二段175號,Neihu Dist,YouBike2.0_TCPA (NeiHu District),No. 175， Sec. 2， NeiHu Rd.,1,2025-10-25 18:31:29,2025-10-25 18:31:52,2025-10-25 14:33:02,2025-10-25,28,14,25.08107,121.58609,13,2025-10-25 10:32:51.141129,10,5,1,2025-10-25,0.5
500108205,YouBike2.0_內湖路一段285巷65弄,內湖區,2025-10-25 16:40:02,內湖路一段285巷65弄40號斜對側,Neihu Dist,YouBike2.0_Aly. 65， Ln. 285， Sec. 1， NeiHu Rd.,No. 40， Aly. 65， Ln. 285， Sec. 1， NeiHu Rd. (Opposite),1,2025-10-25 18:31:29,2025-10-25 18:31:52,2025-10-25 16:40:02,2025-10-25,19,7,25.08443,121.56912,11,2025-10-25 10:32:51.141129,10,5,1,2025-10-25,0.3684210526315789
500108206,YouBike2.0_西湖國中,內湖區,2025-10-25 09:50:02,環山路一段27號,Neihu Dist,YouBike2.0_Xihu Experimental Junior High School,No. 27， Sec. 1， HuanShan Rd.,1,2025-10-25 18:31:29,2025-10-25 18:31:52,2025-10-25 09:50:02,2025-10-25,21,9,25.08466,121.56577,12,2025-10-25 10:32:51.141129,10,5,1,2025-10-25,0.42857142857142855
500108207,YouBike2.0_成美疏散門,內湖區,2025-10-25 12:20:03,潭美街285號對側,Neihu Dist,YouBike2.0_Chengmei Evacuating Gate,No. 285， TanMei St. (Opposite),1,2025-10-25 18:31:29,2025-10-25 18:31:52,2025-10-25 12:20:03,2025-10-25,22,9,25.05734,121.58804,13,2025-10-25 10:32:51.141129,10,5,1,2025-10-25,0.4090909090909091
500108208,YouBike2.0_大湖國小(大湖山莊街173巷口),內湖區,2025-10-25 17:30:03,大湖山莊街171號(對面),Neihu Dist,YouBike2.0_DaHu Elementary School (Ln. 173， DaHu ShanZhuang St.),No. 171， DaHu ShanZhuang St. (Opposite),1,2025-10-25 18:31:29,2025-10-25 18:31:52,2025-10-25 17:30:03,2025-10-25,19,14,25.0878,121.60124,5,2025-10-25 10:32:51.141129,10,5,1,2025-10-25,0.7368421052631579
500108209,YouBike2.0_成功路五段450巷口,內湖區,2025-10-24 15:50:03,成功路五段452號,Neihu Dist,YouBike2.0_Ln. 450， Sec. 5， ChengGong Rd.,No. 452， Sec. 5， ChengGong Rd.,1,2025-10-25 18:31:29,2025-10-25 18:31:52,2025-10-24 15:50:03,2025-10-24,17,9,25.07468,121.60693,8,2025-10-25 10:32:51.141129,10,5,1,2025-10-25,0.5294117647058824
500108211,YouBike2.0_金湖路401巷,內湖區,2025-10-25 14:30:02,金湖路401巷20號,Neihu Dist,YouBike2.0_Ln. 401， JinHu Rd.,No. 20， Ln. 401， JinHu Rd.,1,2025-10-25 18:31:29,2025-10-25 18:31:52,2025-10-25 14:30:02,2025-10-25,22,14,25.07255,121.60376,7,2025-10-25 10:32:51.141129,10,5,1,2025-10-25,0.6363636363636364
500108212,YouBike2.0_內湖國小(內湖路一段737巷51弄),內湖區,2025-10-25 15:51:16,內湖路一段737巷51弄14號(對面),Neihu Dist,YouBike2.0_NeiHu Elementary School (Aly. 51， Ln. 737， Sec. 1， NeiHu Rd.),No. 14， Aly. 51， Ln. 737， Sec. 1， NeiHu Rd. (Opposite),1,2025-10-25 18:31:29,2025-10-25 18:31:52,2025-10-25 15:51:16,2025-10-25,17,1,25.08027,121.57984,15,2025-10-25 10:32:51.141129,10,5,1,2025-10-25,0.058823529411764705
500108213,YouBike2.0_黃石公廟,內湖區,2025-10-25 15:52:01,成功路五段39號,Neihu Dist,YouBike2.0_Huangshigong Temple,No. 39， Sec. 5， ChengGong Rd.,1,2025-10-25 18:31:29,2025-10-25 18:31:52,2025-10-25 15:52:01,2025-10-25,21,11,25.07726,121.60709,9,2025-10-25 10:32:51.141129,10,5,1,2025-10-25,0.5238095238095238
500108214,YouBike2.0_內湖路一段737巷/麗山街口,內湖區,2025-10-25 14:40:03,內湖路一段737巷100號對側,Neihu Dist,YouBike2.0_Ln. 737， Sec. 1， NeiHu Rd. & LiShan St. Intersection,No. 100， Ln. 737， Sec. 1， NeiHu Rd. (Opposite),1,2025-10-25 18:31:29,2025-10-25 18:31:52,2025-10-25 14:40:03,2025-10-25,22,8,25.08294,121.5792,13,2025-10-25 10:32:51.141129,10,5,1,2025-10-25,0.36363636363636365
500108215,YouBike2.0_行愛路78巷,內湖區,2025-10-25 16:20:04,行愛路78巷25號(旁),Neihu Dist,YouBike2.0_Ln. 78， XingAi Rd.,No. 25， Ln. 78， XingAi Rd.,1,2025-10-25 18:31:29,2025-10-25 18:31:52,2025-10-25 16:20:04,2025-10-25,21,11,25.06198,121.58029,9,2025-10-25 10:32:51.141129,10,5,1,2025-10-25,0.5238095238095238
500108216,YouBike2.0_港墘路1巷口,內湖區,2025-10-25 15:30:02,港墘路11號(前),Neihu Dist,YouBike2.0_Ln. 1， GangQian Rd.,No. 11， GangQian Rd.,1,2025-10-25 18:31:29,2025-10-25 18:31:52,2025-10-25 15:30:02,2025-10-25,16,3,25.08336,121.57829,13,2025-10-25 10:32:51.141129,10,5,1,2025-10-25,0.1875
500108219,YouBike2.0_內湖國小(內湖路二段76巷),內湖區,2025-10-25 12:48:01,內湖路二段78號(對面),Neihu Dist,YouBike2.0_NeiHu Elementary School (Ln. 76， Sec. 2， NeiHu Rd.),No. 78， Sec. 2， NeiHu Rd. (Opposite),1,2025-10-25 18:31:29,2025-10-25 18:31:52,2025-10-25 12:48:01,2025-10-25,14,5,25.07926,121.58096,9,2025-10-25 10:32:51.141129,10,5,1,2025-10-25,0.35714285714285715
500108220,YouBike2.0_三民國中(民權東路),內湖區,2025-10-25 15:43:01,民權東路六段45號(南側),Neihu Dist,YouBike2.0_Sanmin Junior High School (MinQuan E. Rd.),No. 45， Sec. 6， MinQuan E. Rd. (South),1,2025-10-25 18:31:29,2025-10-25 18:31:52,2025-10-25 15:43:01,2025-10-25,24,17,25.069,121.58493,5,2025-10-25 10:32:51.141129,10,5,1,2025-10-25,0.7083333333333334
500108221,YouBike2.0_內湖大坑公園,內湖區,2025-10-25 01:12:04,民權東路六段191巷42號東側,Neihu Dist,YouBike2.0_Dakeng Park,No. 42， Ln. 191， Sec. 6， MinQuan E. Rd.,1,2025-10-25 18:31:29,2025-10-25 18:31:52,2025-10-25 01:12:04,2025-10-25,21,13,25.06887,121.59842,5,2025-10-25 10:32:51.141129,10,5,1,2025-10-25,0.6190476190476191
500109001,YouBike2.0_承德路七段304巷口,北投區,2025-10-25 15:10:03,承德路七段306-308號(前),Beitou Dist,YouBike2.0_Ln. 304， Sec. 7， Chengde Rd.,No. 306-308， Chengde Rd. (Front),1,2025-10-25 18:31:29,2025-10-25 18:31:52,2025-10-25 15:10:03,2025-10-25,24,9,25.1168,121.5048,15,2025-10-25 10:32:51.141129,10,5,1,2025-10-25,0.375
500109002,YouBike2.0_洲美運動公園,北投區,2025-10-25 16:20:04,洲美街271號(對面),Beitou Dist,YouBike2.0_Zhoumei Sports Park,No. 271， Zhoumei St. (Front),1,2025-10-25 18:31:29,2025-10-25 18:31:52,2025-10-25 16:20:04,2025-10-25,25,2,25.10981,121.49886,23,2025-10-25 10:32:51.141129,10,5,1,2025-10-25,0.08
500109003,YouBike2.0_榮華二明德路口,北投區,2025-10-25 15:50:04,明德路212號(榮華二路側人行道),Beitou Dist,YouBike2.0_Ronghua 2nd & Mingde Rd. Intersection,No. 212， Mingde Rd. (Ronghua 2nd Rd. Side),1,2025-10-25 18:31:29,2025-10-25 18:31:52,2025-10-25 15:50:04,2025-10-25,30,9,25.11357,121.52255,16,2025-10-25 10:32:51.141129,10,5,1,2025-10-25,0.3
500109004,YouBike2.0_捷運明德站(1號出口),北投區,2025-10-25 17:57:17,西安街一段明德路口(東南側),Beitou Dist,YouBike2.0_MRT Mingde Station (Exit 1),Sec.1， Xi'an St. & Mingde Rd. (Southeast),1,2025-10-25 18:31:29,2025-10-25 18:31:52,2025-10-25 17:57:17,2025-10-25,23,22,25.10896,121.51936,1,2025-10-25 10:32:51.141129,10,5,1,2025-10-25,0.9565217391304348
500109005,YouBike2.0_文林建民路口,北投區,2025-10-25 17:30:03,文林北路214-216號(前),Beitou Dist,YouBike2.0_Wenlin & Jianmin Intersection,No. 214-216， Wenlin N. Rd. (Front),1,2025-10-25 18:31:29,2025-10-25 18:31:52,2025-10-25 17:30:03,2025-10-25,36,17,25.10788,121.51457,19,2025-10-25 10:32:51.141129,10,5,1,2025-10-25,0.4722222222222222
500109006,YouBike2.0_永欣綠地,北投區,2025-10-25 14:34:02,行義路10巷2號(旁),Beitou Dist,YouBike2.0_Yongxin Greens,No， 2， Ln. 10， Xingyi Rd. (Side),1,2025-10-25 18:31:29,2025-10-25 18:31:52,2025-10-25 14:34:02,2025-10-25,37,25,25.12416,121.52607,12,2025-10-25 10:32:51.141129,10,5,1,2025-10-25,0.6756756756756757
500109007,YouBike2.0_關渡宮,北投區,2025-10-25 17:30:03,知行路360號(旁),Beitou Dist,YouBike2.0_Guandu Temple,No. 360， Zhixing Rd.,1,2025-10-25 18:31:29,2025-10-25 18:31:52,2025-10-25 17:30:03,2025-10-25,62,22,25.11739,121.46288,40,2025-10-25 10:32:51.141129,10,5,1,2025-10-25,0.3548387096774194
500109008,YouBike2.0_關渡自然公園,北投區,2025-10-25 14:50:04,關渡路68號(對面),Beitou Dist,YouBike2.0_Guandu Nature Park,No. 68， Guandu Rd. (Opposite),1,2025-10-25 18:31:29,2025-10-25 18:31:52,2025-10-25 14:50:04,2025-10-25,35,16,25.11884,121.46912,19,2025-10-25 10:32:51.141129,10,5,1,2025-10-25,0.45714285714285713
500109009,YouBike2.0_關渡醫院,北投區,2025-10-25 17:50:02,知行路235巷7號(對面),Beitou Dist,YouBike2.0_Taipei Guandu hospital,No. 7， Ln. 235， Zhixing Rd. (Opposite),1,2025-10-25 18:31:29,2025-10-25 18:31:52,2025-10-25 17:50:02,2025-10-25,14,7,25.1203,121.4665,7,2025-10-25 10:32:51.141129,10,5,1,2025-10-25,0.5
500109010,YouBike2.0_捷運忠義站(1號出口),北投區,2025-10-25 17:20:02,中央北路四段262號(對面),Beitou Dist,YouBike2.0_MRT Zhongyi Sta. (Exit 1),No. 262， Sec. 4， Zhongyang N. Rd. (Opposite),1,2025-10-25 18:31:29,2025-10-25 18:31:52,2025-10-25 17:20:02,2025-10-25,30,13,25.13149,121.47365,17,2025-10-25 10:32:51.141129,10,5,1,2025-10-25,0.43333333333333335
500109011,YouBike2.0_捷運關渡站(1號出口),北投區,2025-10-25 17:40:03,大度路三段270巷/立功街55巷(西南側),Beitou Dist,YouBike2.0_MRT Guandu Sta. (Exit 1),Ln. 270， Sec. 3， Dadu Rd. & Ln. 55， Ligong St. (Southwest),1,2025-10-25 18:31:29,2025-10-25 18:31:52,2025-10-25 17:40:03,2025-10-25,99,47,25.12397,121.46712,52,2025-10-25 10:32:51.141129,10,5,1,2025-10-25,0.47474747474747475
500109012,YouBike2.0_捷運關渡站(2號出口),北投區,2025-10-25 18:30:03,捷運關渡站2號出口外人行道,Beitou Dist,YouBike2.0_MRT Guandu Sta. (Exit 2),Ln. 583， Sec. 4， Zhongyang N. Rd. Intersection,1,2025-10-25 18:31:29,2025-10-25 18:31:52,2025-10-25 18:30:03,2025-10-25,22,8,25.12618,121.46737,14,2025-10-25 10:32:51.141129,10,5,1,2025-10-25,0.36363636363636365
500109013,YouBike2.0_中央北路四段540巷口,北投區,2025-10-25 14:34:02,中央北路四段529號(對面),Beitou Dist,YouBike2.0_Ln. 540， Sec. 4， Zhongyang N. Rd. Intersection,No. 529， Sec. 4， Zhongyang N. Rd. (Opposite),1,2025-10-25 18:31:29,2025-10-25 18:31:52,2025-10-25 14:34:02,2025-10-25,31,23,25.12796,121.46782,7,2025-10-25 10:32:51.141129,10,5,1,2025-10-25,0.7419354838709677
500109014,YouBike2.0_大度立德路口,北投區,2025-10-25 16:47:02,大度路三段立德路口(西北側),Beitou Dist,YouBike2.0_Dadu & Lide Rd. Intersection,Sec. 3， Dadu Rd. & Lide Rd. Intersection (Northwest),1,2025-10-25 18:31:29,2025-10-25 18:31:52,2025-10-25 16:47:02,2025-10-25,24,5,25.1231,121.47092,19,2025-10-25 10:32:51.141129,10,5,1,2025-10-25,0.20833333333333334
500109015,YouBike2.0_捷運復興崗站(1號出口),北投區,2025-10-25 17:20:02,中央北路三段9-1號(對面),Beitou Dist,YouBike2.0_MRT Fuxinggang Sta. (Exit 1),No. 9-1， Sec. 3， Zhongyang N. Rd. (Opposite),1,2025-10-25 18:31:29,2025-10-25 18:31:52,2025-10-25 17:20:02,2025-10-25,45,5,25.1378,121.4863,40,2025-10-25 10:32:51.141129,10,5,1,2025-10-25,0.1111111111111111
500109016,YouBike2.0_捷運復興崗站旅客服務中心,北投區,2025-10-25 17:50:02,中央北路三段185號(前方),Beitou Dist,YouBike2.0_MRT Fuxinggang Sta Tourist Information Center,No. 185， Sec. 3， Zhongyang N. Rd.,1,2025-10-25 18:31:29,2025-10-25 18:31:52,2025-10-25 17:50:02,2025-10-25,15,9,25.13666,121.48159,6,2025-10-25 10:32:51.141129,10,5,1,2025-10-25,0.6
500109017,YouBike2.0_豐年公園,北投區,2025-10-25 09:29:02,大業路529號(對面),Beitou Dist,YouBike2.0_Fengnian Park,No. 259， Daye Rd. (Opposite),1,2025-10-25 18:31:29,2025-10-25 18:31:52,2025-10-25 09:29:02,2025-10-25,29,10,25.13475,121.49613,19,2025-10-25 10:32:51.141129,10,5,1,2025-10-25,0.3448275862068966
500109018,YouBike2.0_稻香重三路口,北投區,2025-10-25 17:30:03,稻香重三路口(對面路側),Beitou Dist,YouBike2.0_Daoxiang Chongshan Rd. Intersection,Daoxiang & Chongshan Rd. Intersection,1,2025-10-25 18:31:29,2025-10-25 18:31:52,2025-10-25 17:30:03,2025-10-25,15,7,25.13997,121.48967,8,2025-10-25 10:32:51.141129,10,5,1,2025-10-25,0.4666666666666667
500109019,YouBike2.0_國防大學政治作戰學院,北投區,2025-10-25 17:20:02,中央北路二段167號(對面),Beitou Dist,YouBike2.0_Fu Hsing Kang College,No. 167， Sec. 2， Zhongyang N. Rd. (Opposite),1,2025-10-25 18:31:29,2025-10-25 18:31:52,2025-10-25 17:20:02,2025-10-25,45,6,25.13776,121.49345,39,2025-10-25 10:32:51.141129,10,5,1,2025-10-25,0.13333333333333333
500109020,YouBike2.0_秀山區民活動中心,北投區,2025-10-25 17:20:02,秀山路50號(旁),Beitou Dist,YouBike2.0_Xiushan Community Center,No. 50， Xiushan Rd.,1,2025-10-25 18:31:29,2025-10-25 18:31:52,2025-10-25 17:20:02,2025-10-25,36,19,25.14582,121.49303,17,2025-10-25 10:32:51.141129,10,5,1,2025-10-25,0.5277777777777778
500109022,YouBike2.0_大業大同街口,北投區,2025-10-25 17:10:03,大業路671號(對面),Beitou Dist,YouBike2.0_Daye Datong St. Intersection,No. 671， Daye Rd. (Opposite),1,2025-10-25 18:31:29,2025-10-25 18:31:52,2025-10-25 17:10:03,2025-10-25,42,20,25.13691,121.49987,22,2025-10-25 10:32:51.141129,10,5,1,2025-10-25,0.47619047619047616
500109023,YouBike2.0_捷運新北投站,北投區,2025-10-25 17:40:03,中和街10號(對面),Beitou Dist,YouBike2.0_MRT Xinbeitou Station,No. 10， Zhonghe St. (Opposite),1,2025-10-25 18:31:29,2025-10-25 18:31:52,2025-10-25 17:40:03,2025-10-25,58,33,25.13733,121.50339,14,2025-10-25 10:32:51.141129,10,5,1,2025-10-25,0.5689655172413793
500109024,YouBike2.0_捷運北投站,北投區,2025-10-25 15:20:04,光明路2巷3號(對面),Beitou Dist,YouBike2.0_MRT Beitou Station,No. 3， Ln. 2， Guangming Rd. (Opposite),1,2025-10-25 18:31:29,2025-10-25 18:31:52,2025-10-25 15:20:04,2025-10-25,30,7,25.13187,121.499,23,2025-10-25 10:32:51.141129,10,5,1,2025-10-25,0.23333333333333334
500109025,YouBike2.0_捷運奇岩站(三合街),北投區,2025-10-25 17:30:03,三合街二段486號(旁),Beitou Dist,YouBike2.0_MRT Qiyan Station(Sanhe St.),No. 486， Sec. 2， Sanhe St.,1,2025-10-25 18:31:29,2025-10-25 18:31:52,2025-10-25 17:30:03,2025-10-25,40,17,25.12634,121.50099,22,2025-10-25 10:32:51.141129,10,5,1,2025-10-25,0.425
500109026,YouBike2.0_八仙里辦公處,北投區,2025-10-25 17:20:02,北投路一段臨20號(旁),Beitou Dist,YouBike2.0_Baxian Village Office,No. 20， Sec. 1， Beitou Rd.,1,2025-10-25 18:31:29,2025-10-25 18:31:52,2025-10-25 17:20:02,2025-10-25,25,17,25.12297,121.50158,5,2025-10-25 10:32:51.141129,10,5,1,2025-10-25,0.68
500109027,YouBike2.0_清江國小,北投區,2025-10-25 17:20:02,公舘路198號(對面),Beitou Dist,YouBike2.0_Qingjiang Elementary School,No. 198， Gongguan Rd. (Opposite),1,2025-10-25 18:31:29,2025-10-25 18:31:52,2025-10-25 17:20:02,2025-10-25,58,38,25.12725,121.50676,19,2025-10-25 10:32:51.141129,10,5,1,2025-10-25,0.6551724137931034
500109028,YouBike2.0_大業路300巷口,北投區,2025-10-25 17:10:03,大業路302號(前),Beitou Dist,YouBike2.0_Ln. 300， Daye Rd. Intersction,No. 302， Daye Rd.,1,2025-10-25 18:31:29,2025-10-25 18:31:52,2025-10-25 17:10:03,2025-10-25,20,8,25.12814,121.49782,12,2025-10-25 10:32:51.141129,10,5,1,2025-10-25,0.4
500109029,YouBike2.0_立農公園,北投區,2025-10-25 17:40:03,承德路七段/吉利街(西北側),Beitou Dist,YouBike2.0_Linong Park,Sec. 7， Chengde Rd. & Jili St. (Northwest),1,2025-10-25 18:31:29,2025-10-25 18:31:52,2025-10-25 17:40:03,2025-10-25,21,7,25.11798,121.50342,12,2025-10-25 10:32:51.141129,10,5,1,2025-10-25,0.3333333333333333
500109030,YouBike2.0_北投奇岩長青樂活大樓,北投區,2025-10-25 14:52:02,三合街一段119號(前),Beitou Dist,YouBike2.0_Beitou Qiyan Elderly Service Center,No. 119， Sec. 1， Sanhe St.,1,2025-10-25 18:31:29,2025-10-25 18:31:52,2025-10-25 14:52:02,2025-10-25,25,3,25.12666,121.50373,22,2025-10-25 10:32:51.141129,10,5,1,2025-10-25,0.12
500109031,YouBike2.0_捷運唭哩岸站(2號出口),北投區,2025-10-25 18:30:03,西安街二段345-349號(對面),Beitou Dist,YouBike2.0_MRT Qilian Sta. (Exit 2),No. 345， Sec. 2， Xi'an St. (Opposite),1,2025-10-25 18:31:29,2025-10-25 18:31:52,2025-10-25 18:30:03,2025-10-25,48,1,25.12087,121.50523,46,2025-10-25 10:32:51.141129,10,5,1,2025-10-25,0.020833333333333332
500109032,YouBike2.0_北投運動中心,北投區,2025-10-25 18:30:03,石牌路一段39巷100號(旁),Beitou Dist,YouBike2.0_Beitou Sports Center,No. 100， Ln. 39， Sec. 1， Shipai Rd.,1,2025-10-25 18:31:29,2025-10-25 18:31:52,2025-10-25 18:30:03,2025-10-25,89,29,25.11666,121.50962,58,2025-10-25 10:32:51.141129,10,5,1,2025-10-25,0.3258426966292135
500109033,YouBike2.0_陽明大學,北投區,2025-10-25 18:30:03,東華街二段136號(對面),Beitou Dist,YouBike2.0_National Yangming Jiaotong University,No. 136， Sec. 2， Donghua St. (Opposite),1,2025-10-25 18:31:29,2025-10-25 18:31:52,2025-10-25 18:30:03,2025-10-25,56,22,25.11912,121.51223,34,2025-10-25 10:32:51.141129,10,5,1,2025-10-25,0.39285714285714285
500109034,YouBike2.0_捷運石牌站(2號出口),北投區,2025-10-25 18:30:03,東華街一段526號(對面),Beitou Dist,YouBike2.0_MRT Shipai Sta. (Exit 2),No. 526， Sec. 1， Donghua St. (Opposite),1,2025-10-25 18:31:29,2025-10-25 18:31:52,2025-10-25 18:30:03,2025-10-25,62,52,25.11451,121.51567,9,2025-10-25 10:32:51.141129,10,5,1,2025-10-25,0.8387096774193549
500109035,YouBike2.0_台北護理大學,北投區,2025-10-25 17:10:03,石牌路二段100號(前),Beitou Dist,YouBike2.0_National Taipei University of Nursing and Health Sciences,No. 100， Sec. 2， Shipai Rd.,1,2025-10-25 18:31:29,2025-10-25 18:31:52,2025-10-25 17:10:03,2025-10-25,42,6,25.11752,121.51662,36,2025-10-25 10:32:51.141129,10,5,1,2025-10-25,0.14285714285714285
500109036,YouBike2.0_捷運石牌站(1號出口),北投區,2025-10-25 18:27:17,石牌路一段139號(對面),Beitou Dist,YouBike2.0_MRT Shipai Sta. (Exit 1),No. 319， Sec. 1， Shipai Rd. (Opposite),1,2025-10-25 18:31:29,2025-10-25 18:31:52,2025-10-25 18:27:17,2025-10-25,33,31,25.11542,121.51469,0,2025-10-25 10:32:51.141129,10,5,1,2025-10-25,0.9393939393939394
500109037,YouBike2.0_振興醫院,北投區,2025-10-25 15:52:01,明德路365號(前),Beitou Dist,YouBike2.0_Cheng Hsin General Hospital,No. 365， Mingde Rd.,1,2025-10-25 18:31:29,2025-10-25 18:31:52,2025-10-25 15:52:01,2025-10-25,36,19,25.11753,121.52186,17,2025-10-25 10:32:51.141129,10,5,1,2025-10-25,0.5277777777777778
500109039,YouBike2.0_石牌國小,北投區,2025-10-25 17:20:02,石牌路一段142號(對面),Beitou Dist,YouBike2.0_Shipai Elementary School,No. 142， Sec. 1， Shipai Rd. (Opposite),1,2025-10-25 18:31:29,2025-10-25 18:31:52,2025-10-25 17:20:02,2025-10-25,26,6,25.1144,121.51307,20,2025-10-25 10:32:51.141129,10,5,1,2025-10-25,0.23076923076923078
500109040,YouBike2.0_振興公園,北投區,2025-10-25 15:48:01,天母西路109號(對面),Beitou Dist,YouBike2.0_Zhenxing Park,No. 109， Tianmu W. Rd. (Opposite),1,2025-10-25 18:31:29,2025-10-25 18:31:52,2025-10-25 15:48:01,2025-10-25,25,18,25.11865,121.5235,7,2025-10-25 10:32:51.141129,10,5,1,2025-10-25,0.72
500109041,YouBike2.0_立農國小,北投區,2025-10-25 13:40:02,立農街一段201號(對面),Beitou Dist,YouBike2.0_Linong Elementary School,No. 201， Sec. 1， Linong St. (Opposite),1,2025-10-25 18:31:29,2025-10-25 18:31:52,2025-10-25 13:40:02,2025-10-25,25,20,25.11978,121.50422,5,2025-10-25 10:32:51.141129,10,5,1,2025-10-25,0.8
500109042,YouBike2.0_承德路七段280巷口,北投區,2025-10-25 17:50:02,承德路七段260號(前),Beitou Dist,YouBike2.0_No. 280， Sec. 7， Chengde Rd. Intersection,No. 260， Sec. 7， Chengde Rd.,1,2025-10-25 18:31:29,2025-10-25 18:31:52,2025-10-25 17:50:02,2025-10-25,22,13,25.11587,121.50576,9,2025-10-25 10:32:51.141129,10,5,1,2025-10-25,0.5909090909090909
500109043,YouBike2.0_致遠一路二段11巷,北投區,2025-10-25 17:20:02,自強街61巷8號(旁),Beitou Dist,YouBike2.0_Ln. 11， Sec. 2， Zhiyuan 1st Rd.,No. 8， Ln. 61， Ziqiang St.,1,2025-10-25 18:31:29,2025-10-25 18:31:52,2025-10-25 17:20:02,2025-10-25,22,8,25.11093,121.51382,13,2025-10-25 10:32:51.141129,10,5,1,2025-10-25,0.36363636363636365
500109044,YouBike2.0_榮富公園,北投區,2025-10-25 17:30:03,榮華三路2號(旁),Beitou Dist,YouBike2.0_Rongfu Park,No. 2， Ronghua 3rd Rd.,1,2025-10-25 18:31:29,2025-10-25 18:31:52,2025-10-25 17:30:03,2025-10-25,13,3,25.1137,121.52437,10,2025-10-25 10:32:51.141129,10,5,1,2025-10-25,0.23076923076923078
500109045,YouBike2.0_中正高中,北投區,2025-10-25 16:50:04,文林北路77號(前),Beitou Dist,YouBike2.0_Zhongzheng Senior High School,No. 77， Wenlin N. Rd.,1,2025-10-25 18:31:29,2025-10-25 18:31:52,2025-10-25 16:50:04,2025-10-25,31,20,25.10467,121.51654,11,2025-10-25 10:32:51.141129,10,5,1,2025-10-25,0.6451612903225806
500109046,YouBike2.0_立功立德路口,北投區,2025-10-25 17:40:03,立德路15號(前),Beitou Dist,YouBike2.0_Ligong & Lide Rd. Intersection,No.15， Lide Rd. (Front),1,2025-10-25 18:31:29,2025-10-25 18:31:52,2025-10-25 17:40:03,2025-10-25,41,12,25.12501,121.47158,28,2025-10-25 10:32:51.141129,10,5,1,2025-10-25,0.2926829268292683
500109047,YouBike2.0_桃源國中,北投區,2025-10-25 14:34:02,中央北路四段32號(旁),Beitou Dist,YouBike2.0_Taoyuan Junior High School,No. 32， Sec.4， Zhongyang Rd. (Side),1,2025-10-25 18:31:29,2025-10-25 18:31:52,2025-10-25 14:34:02,2025-10-25,31,5,25.13485,121.47769,26,2025-10-25 10:32:51.141129,10,5,1,2025-10-25,0.16129032258064516
500109048,YouBike2.0_陽明交大圖書館,北投區,2025-10-25 17:40:03,陽明交大圖書館後方機車停車場,Beitou Dist,YouBike2.0_National Yang-Ming University Library,Parking lot at the back of the NYCU Library,1,2025-10-25 18:31:29,2025-10-25 18:31:52,2025-10-25 17:40:03,2025-10-25,37,6,25.12081,121.51352,31,2025-10-25 10:32:51.141129,10,5,1,2025-10-25,0.16216216216216217
500109049,YouBike2.0_捷運新北投站(2號出口),北投區,2025-10-25 17:40:03,光明路225號(對面),Beitou Dist,YouBike2.0_MRT Xinbeitou Sta. (Exit 2),No. 225， Guangming Rd. (Opposite),1,2025-10-25 18:31:29,2025-10-25 18:31:52,2025-10-25 17:40:03,2025-10-25,24,12,25.13675,121.50224,10,2025-10-25 10:32:51.141129,10,5,1,2025-10-25,0.5
500109050,YouBike2.0_復興公園,北投區,2025-10-25 16:40:02,中和街61號對側,Beitou Dist,YouBike2.0_Fuxing Park,No. 61， Zhonghe St.,1,2025-10-25 18:31:29,2025-10-25 18:31:52,2025-10-25 16:40:02,2025-10-25,28,12,25.13872,121.5021,16,2025-10-25 10:32:51.141129,10,5,1,2025-10-25,0.42857142857142855
500109051,YouBike2.0_承德石牌路口,北投區,2025-10-25 17:54:15,承德路七段與石牌路一段口北側,Beitou Dist,YouBike2.0_Chengde Rd. & Shipai Rd. Intersection,Sec. 7， Chengde Rd. & Sec. 1， Shipai Rd. Intersection (North),1,2025-10-25 18:31:29,2025-10-25 18:31:52,2025-10-25 17:54:15,2025-10-25,17,1,25.11272,121.50922,16,2025-10-25 10:32:51.141129,10,5,1,2025-10-25,0.058823529411764705
500109052,YouBike2.0_承德路七段188巷口,北投區,2025-10-25 15:30:02,承德路七段192-198號前,Beitou Dist,YouBike2.0_Ln. 188， Sec. 7， Chengde Rd. Intersection,No. 192-198， Sec. 7， Chengde Rd.,1,2025-10-25 18:31:29,2025-10-25 18:31:52,2025-10-25 15:30:02,2025-10-25,16,8,25.11416,121.50771,8,2025-10-25 10:32:51.141129,10,5,1,2025-10-25,0.5
500109053,YouBike2.0_捷運明德站(3號出口),北投區,2025-10-25 17:30:03,西安街一段183號對側,Beitou Dist,YouBike2.0_MRT Mingde Sta.(Exit.3),No. 183， Sec. 1， Xi'an St.,1,2025-10-25 18:31:29,2025-10-25 18:31:52,2025-10-25 17:30:03,2025-10-25,48,29,25.11,121.51841,19,2025-10-25 10:32:51.141129,10,5,1,2025-10-25,0.6041666666666666
500109054,YouBike2.0_大豐公園,北投區,2025-10-25 16:20:04,大興街145號前,Beitou Dist,YouBike2.0_Dafeng Park,No. 145， Dasing St.,1,2025-10-25 18:31:29,2025-10-25 18:31:52,2025-10-25 16:20:04,2025-10-25,48,24,25.13102,121.50408,21,2025-10-25 10:32:51.141129,10,5,1,2025-10-25,0.5
500109055,YouBike2.0_洲美公園,北投區,2025-10-25 16:50:04,福美路199號旁,Beitou Dist,YouBike2.0_Zhoumei Park,No. 199， Fumei Rd.,1,2025-10-25 18:31:29,2025-10-25 18:31:52,2025-10-25 16:50:04,2025-10-25,30,18,25.10032,121.50599,12,2025-10-25 10:32:51.141129,10,5,1,2025-10-25,0.6
500109056,YouBike2.0_中和街455巷11弄,北投區,2025-10-25 14:44:02,中和街455巷11弄6-8號(前),Beitou Dist,YouBike2.0_Aly. 11， Ln. 455， Zhonghe St.,No. 6-8， Aly. 11， Ln. 455， Zhonghe St.,1,2025-10-25 18:31:29,2025-10-25 18:31:52,2025-10-25 14:44:02,2025-10-25,25,4,25.14319,121.49621,21,2025-10-25 10:32:51.141129,10,5,1,2025-10-25,0.16
500109057,YouBike2.0_洲美蜆仔港公園,北投區,2025-10-25 12:20:03,洲美蜆仔港公園西南側(福美路側),Beitou Dist,YouBike2.0_Zhoumei Xianzaigang Park,Zhoumei Xianzaigang Park(Southwest),1,2025-10-25 18:31:29,2025-10-25 18:31:52,2025-10-25 12:20:03,2025-10-25,27,16,25.10065,121.51107,11,2025-10-25 10:32:51.141129,10,5,1,2025-10-25,0.5925925925925926
500109058,YouBike2.0_文化三杏林一路口,北投區,2025-10-25 17:50:02,杏林一路3號(旁),Beitou Dist,YouBike2.0_Wenhua 3rd Rd. & Xinglin 1st Rd. Intersection,No. 3， Xinglin 1st Rd.,1,2025-10-25 18:31:29,2025-10-25 18:31:52,2025-10-25 17:50:02,2025-10-25,17,7,25.14058,121.49915,5,2025-10-25 10:32:51.141129,10,5,1,2025-10-25,0.4117647058823529
500109059,YouBike2.0_珠海復興一路口,北投區,2025-10-25 15:50:04,珠海路/復興一路口(東側),Beitou Dist,YouBike2.0_Zhuhai Rd. & Fuxing 1st Rd. Intersection,Zhuhai Rd. & Fuxing 1st Rd. Intersection (East),1,2025-10-25 18:31:29,2025-10-25 18:31:52,2025-10-25 15:50:04,2025-10-25,28,13,25.14045,121.50446,15,2025-10-25 10:32:51.141129,10,5,1,2025-10-25,0.4642857142857143
500109060,YouBike2.0_裕民二路33巷,北投區,2025-10-25 18:30:03,裕民二路33巷/裕民六路(西北側),Beitou Dist,YouBike2.0_Ln. 33， Yumin 2nd Rd.,Ln. 33， Yumin 2nd Rd. & Yumin 6th Rd. Intersection (Northwest),1,2025-10-25 18:31:29,2025-10-25 18:31:52,2025-10-25 18:30:03,2025-10-25,15,5,25.11535,121.51736,10,2025-10-25 10:32:51.141129,10,5,1,2025-10-25,0.3333333333333333
500109061,YouBike2.0_新奇岩社會住宅,北投區,2025-10-25 16:50:04,磺港路269-271號(旁),Beitou Dist,YouBike2.0_Xinqiyan Social Housing,No. 269-271， Huanggang Rd.,1,2025-10-25 18:31:29,2025-10-25 18:31:52,2025-10-25 16:50:04,2025-10-25,12,7,25.12287,121.5037,5,2025-10-25 10:32:51.141129,10,5,1,2025-10-25,0.5833333333333334
500109062,YouBike2.0_泉源公園,北投區,2025-10-25 09:28:01,珠海路145號(對側公園),Beitou Dist,YouBike2.0_Quanyuan Park,No. 145， Zhuhai Rd. (Opposite),1,2025-10-25 18:31:29,2025-10-25 18:31:52,2025-10-25 09:28:01,2025-10-25,20,14,25.14193,121.50835,5,2025-10-25 10:32:51.141129,10,5,1,2025-10-25,0.7
500109063,YouBike2.0_奇岩4號綠地,北投區,2025-10-25 17:20:02,三合街一段79巷16號(對面),Beitou Dist,YouBike2.0_Qiyan No4 Green Space,No. 16， Ln. 79， Sec. 1， Sanhe St. (Opposite),1,2025-10-25 18:31:29,2025-10-25 18:31:52,2025-10-25 17:20:02,2025-10-25,12,8,25.12533,121.50573,4,2025-10-25 10:32:51.141129,10,5,1,2025-10-25,0.6666666666666666
500109064,YouBike2.0_臺北健康護理大學(教研大樓),北投區,2025-10-25 17:40:03,石牌路二段185號對側,Beitou Dist,YouBike2.0_NTUNHS,No. 185， Sec. 2， Shipai Rd. (Opposite),1,2025-10-25 18:31:29,2025-10-25 18:31:52,2025-10-25 17:40:03,2025-10-25,27,6,25.11857,121.51846,20,2025-10-25 10:32:51.141129,10,5,1,2025-10-25,0.2222222222222222
500109065,YouBike2.0_奇岩一號公園,北投區,2025-10-25 14:33:02,三合街一段82巷127號(旁),Beitou Dist,YouBike2.0_Qiyan No.1 Park,Huanggang Rd. & Ln. 177， Qingjiang Rd. Intersection (East),1,2025-10-25 18:31:29,2025-10-25 18:31:52,2025-10-25 14:33:02,2025-10-25,23,18,25.12989,121.50394,5,2025-10-25 10:32:51.141129,10,5,1,2025-10-25,0.782608695652174
500109066,YouBike2.0_福星公園,北投區,2025-10-25 15:37:02,文林北路280號(對側公園),Beitou Dist,YouBike2.0_Fuxing Park,No. 280， Wenlin N. Rd. (Opposite),1,2025-10-25 18:31:29,2025-10-25 18:31:52,2025-10-25 15:37:02,2025-10-25,30,17,25.1094,121.51248,13,2025-10-25 10:32:51.141129,10,5,1,2025-10-25,0.5666666666666667
500109067,YouBike2.0_中庸公園,北投區,2025-10-25 16:40:02,珠海路1號旁,Beitou Dist,YouBike2.0_Zhongyong Park,No. 1， Zhuhai Rd.,1,2025-10-25 18:31:29,2025-10-25 18:31:52,2025-10-25 16:40:02,2025-10-25,12,8,25.13774,121.50142,2,2025-10-25 10:32:51.141129,10,5,1,2025-10-25,0.6666666666666666
500109068,YouBike2.0_豐年公園_1,北投區,2025-10-25 18:30:03,大業路539號,Beitou Dist,YouBike2.0_Fengnian Park_1,No. 259， Daye Rd. (Opposite),1,2025-10-25 18:31:29,2025-10-25 18:31:52,2025-10-25 18:30:03,2025-10-25,33,15,25.13529,121.49664,15,2025-10-25 10:32:51.141129,10,5,1,2025-10-25,0.45454545454545453
500109070,YouBike2.0_光明溫泉路口,北投區,2025-10-25 17:20:02,光明路148號對側人行道,Beitou Dist,YouBike2.0_Guangming Rd. & Wenquan Rd. Intersection,No. 148， Guangming Rd. (Opposite),1,2025-10-25 18:31:29,2025-10-25 18:31:52,2025-10-25 17:20:02,2025-10-25,30,17,25.13431,121.50226,12,2025-10-25 10:32:51.141129,10,5,1,2025-10-25,0.5666666666666667
500109071,YouBike2.0_和信治癌中心醫院,北投區,2025-10-25 16:50:04,立德路125號,Beitou Dist,YouBike2.0_Koo Foundation Sun Yat-Sen Cancer Center,No. 125， Lide Rd.,1,2025-10-25 18:31:29,2025-10-25 18:31:52,2025-10-25 16:50:04,2025-10-25,25,13,25.12757,121.47207,12,2025-10-25 10:32:51.141129,10,5,1,2025-10-25,0.52
500109072,YouBike2.0_致遠新村,北投區,2025-10-25 17:20:02,秀山路26號(懷遠新村社區入口南側),Beitou Dist,YouBike2.0_Zhiyuan New Village,No. 26， Xiushan Rd.,1,2025-10-25 18:31:29,2025-10-25 18:31:52,2025-10-25 17:20:02,2025-10-25,22,5,25.14319,121.49093,17,2025-10-25 10:32:51.141129,10,5,1,2025-10-25,0.22727272727272727
500109073,YouBike2.0_北投公園露天溫泉,北投區,2025-10-25 17:30:03,中山路6號西側(北投溪木道西側),Beitou Dist,YouBike2.0_Beitou Public Hotspring,No. 6， Zhongshan Rd.,1,2025-10-25 18:31:29,2025-10-25 18:31:52,2025-10-25 17:30:03,2025-10-25,15,9,25.13684,121.50792,6,2025-10-25 10:32:51.141129,10,5,1,2025-10-25,0.6
500109074,YouBike2.0_中和街493巷9弄口,北投區,2025-10-25 09:16:01,中和街493巷9弄2號對側,Beitou Dist,YouBike2.0_Aly. 9， Ln. 493， Zhonghe St.,No. 2， Aly. 9， Ln. 493， Zhonghe St. (Opposite),1,2025-10-25 18:31:29,2025-10-25 18:31:52,2025-10-25 09:16:01,2025-10-25,16,9,25.1439,121.49447,3,2025-10-25 10:32:51.141129,10,5,1,2025-10-25,0.5625
500109075,YouBike2.0_捷運北投站(1號出口),北投區,2025-10-25 17:50:02,光明路2巷/光明路交叉口,Beitou Dist,YouBike2.0_MRT Beitou Sta. (Exit 1),Ln. 2， Guangming Rd. & Guangming Rd. Intersection,1,2025-10-25 18:31:29,2025-10-25 18:31:52,2025-10-25 17:50:02,2025-10-25,58,52,25.13258,121.49862,6,2025-10-25 10:32:51.141129,10,5,1,2025-10-25,0.896551724137931
500109076,YouBike2.0_石牌立農街口,北投區,2025-10-25 17:10:03,石牌路二段/立農街二段口,Beitou Dist,YouBike2.0_Shipai Rd. & Linong St. Intersection,Sec. 2， Shipai Rd. & Sec. 2， Linong St. Intersection,1,2025-10-25 18:31:29,2025-10-25 18:31:52,2025-10-25 17:10:03,2025-10-25,29,4,25.11879,121.51921,25,2025-10-25 10:32:51.141129,10,5,1,2025-10-25,0.13793103448275862
500109077,YouBike2.0_捷運唭哩岸站(1號出口),北投區,2025-10-25 18:30:03,捷運唭哩岸站一(東華) 公車亭對側人行道,Beitou Dist,YouBike2.0_MRT Qilian Sta. (Exit 1),Qilian Station 1(Donghua). (Opposite),1,2025-10-25 18:31:29,2025-10-25 18:31:52,2025-10-25 18:30:03,2025-10-25,20,5,25.12082,121.50727,14,2025-10-25 10:32:51.141129,10,5,1,2025-10-25,0.25
500109078,YouBike2.0_大興光明路2巷口,北投區,2025-10-25 18:30:03,大興街50號對側人行道,Beitou Dist,YouBike2.0_No. 50， Daxing St. (Opposite),Daxing St. & Ln. 2， Guangming Rd. Intersection,1,2025-10-25 18:31:29,2025-10-25 18:31:52,2025-10-25 18:30:03,2025-10-25,14,8,25.13043,121.50017,6,2025-10-25 10:32:51.141129,10,5,1,2025-10-25,0.5714285714285714
500109079,YouBike2.0_捷運忠義站(2號出口),北投區,2025-10-25 17:40:03,捷運忠義站(2號出口)無障礙坡道旁,Beitou Dist,YouBike2.0_MRT Zhongyi Sta. (Exit. 2),MRT Zhongyi Sta. (Exit. 2),1,2025-10-25 18:31:29,2025-10-25 18:31:52,2025-10-25 17:40:03,2025-10-25,33,13,25.13076,121.47347,19,2025-10-25 10:32:51.141129,10,5,1,2025-10-25,0.3939393939393939
500109080,YouBike2.0_福國承德路口,北投區,2025-10-25 17:30:03,承德路六段80號南側,Beitou Dist,YouBike2.0_Fuguo Rd. & Chengde Rd. Intersection,No. 80， Sec. 6， Chengde Rd.,1,2025-10-25 18:31:29,2025-10-25 18:31:52,2025-10-25 17:30:03,2025-10-25,15,5,25.10171,121.51263,10,2025-10-25 10:32:51.141129,10,5,1,2025-10-25,0.3333333333333333
500109081,YouBike2.0_捷運北投站(1號出口)(北投路側),北投區,2025-10-25 17:40:03,捷運北投站(1號出口)(北投路側),Beitou Dist,YouBike2.0_MRT Beitou Sta. (Exit 1) ( Beitou Rd.),MRT Beitou Sta. (Exit 1) ( Beitou Rd.),1,2025-10-25 18:31:29,2025-10-25 18:31:52,2025-10-25 17:40:03,2025-10-25,40,23,25.13201,121.49817,17,2025-10-25 10:32:51.141129,10,5,1,2025-10-25,0.575
500109082,YouBike2.0_華固創富中心,北投區,2025-10-25 12:10:03,承德路六段120號(北側地下室車道旁),Beitou Dist,YouBike2.0_Innovation Fortune Center,No. 120， Sec. 6， Chengde Rd.,1,2025-10-25 18:31:29,2025-10-25 18:31:52,2025-10-25 12:10:03,2025-10-25,15,7,25.10392,121.51244,8,2025-10-25 10:32:51.141129,10,5,1,2025-10-25,0.4666666666666667
500109084,YouBike2.0_崇仰公園(公舘路255巷),北投區,2025-10-25 14:34:02,公舘路255巷43號東側道路對面,Beitou Dist,YouBike2.0_Chongyang Park (Ln. 255， Gongguan Rd.),No. 43， Ln. 255， Gongguan Rd. (Opposite),1,2025-10-25 18:31:29,2025-10-25 18:31:52,2025-10-25 14:34:02,2025-10-25,20,13,25.12595,121.51098,7,2025-10-25 10:32:51.141129,10,5,1,2025-10-25,0.65
500109085,YouBike2.0_北投文化公園(北側),北投區,2025-10-25 15:40:02,文化三路2號西側公園,Beitou Dist,YouBike2.0_Wenhua No.1 Park (North),No. 2， Wenhua 3rd Rd.,1,2025-10-25 18:31:29,2025-10-25 18:31:52,2025-10-25 15:40:02,2025-10-25,20,8,25.13713,121.49706,12,2025-10-25 10:32:51.141129,10,5,1,2025-10-25,0.4
500109086,YouBike2.0_中和綠地,北投區,2025-10-25 17:50:02,中和街365號旁,Beitou Dist,YouBike2.0_Zhonghe Green,No. 365， Zhonghe St.,1,2025-10-25 18:31:29,2025-10-25 18:31:52,2025-10-25 17:50:02,2025-10-25,30,9,25.1419,121.4989,21,2025-10-25 10:32:51.141129,10,5,1,2025-10-25,0.3
500109087,YouBike2.0_大業路65巷口,北投區,2025-10-25 17:40:03,大業路/大業路65巷口,Beitou Dist,YouBike2.0_Ln. 65， Daye Rd.,Daye Rd. & Ln. 65， Daye Rd. Intersection,1,2025-10-25 18:31:29,2025-10-25 18:31:52,2025-10-25 17:40:03,2025-10-25,25,15,25.12307,121.49906,10,2025-10-25 10:32:51.141129,10,5,1,2025-10-25,0.6
500109088,YouBike2.0_公舘承德路口,北投區,2025-10-25 16:40:02,承德路七段390號前,Beitou Dist,YouBike2.0_Gongguan Rd. & Chengde Rd. Intersection,No. 390， Sec. 7， Chengde Rd.,1,2025-10-25 18:31:29,2025-10-25 18:31:52,2025-10-25 16:40:02,2025-10-25,25,9,25.11969,121.50169,14,2025-10-25 10:32:51.141129,10,5,1,2025-10-25,0.36
500109089,YouBike2.0_文林北明德路口(東北側),北投區,2025-10-25 16:40:02,文林北路112號,Beitou Dist,YouBike2.0_Wenlin N. Rd. & Mingde Rd. Intersection (Northeast),No. 112， Wenlin N. Rd.,1,2025-10-25 18:31:29,2025-10-25 18:31:52,2025-10-25 16:40:02,2025-10-25,15,8,25.10576,121.5173,7,2025-10-25 10:32:51.141129,10,5,1,2025-10-25,0.5333333333333333
500109091,YouBike2.0_永興路一段32巷口,北投區,2025-10-25 16:40:02,永興路一段32巷/永興路一段,Beitou Dist,YouBike2.0_Ln. 32， Sec. 1， Yongxing Rd.,Ln. 32， Sec. 1， Yongxing Rd. & Sec. 1， Yongxing Rd. Intersection,1,2025-10-25 18:31:29,2025-10-25 18:31:52,2025-10-25 16:40:02,2025-10-25,20,2,25.13905,121.50012,18,2025-10-25 10:32:51.141129,10,5,1,2025-10-25,0.1
500109092,YouBike2.0_國立陽明交通大學(甲棟),北投區,2025-10-25 17:00:04,立農街二段155之1號,Beitou Dist,YouBike2.0_NYCU ( Bldg. A),No. 155-1， Sec. 2， LinOng St.,1,2025-10-25 18:31:29,2025-10-25 18:31:52,2025-10-25 17:00:04,2025-10-25,30,9,25.11944,121.51453,20,2025-10-25 10:32:51.141129,10,5,1,2025-10-25,0.3
500109093,YouBike2.0_關渡國中,北投區,2025-10-25 17:40:03,知行路210巷16號前對側,Beitou Dist,YouBike2.0_Guan Do Junior High School,No. 16， Ln. 210， ZhiXing Rd. (Opposite),1,2025-10-25 18:31:29,2025-10-25 18:31:52,2025-10-25 17:40:03,2025-10-25,24,7,25.11955,121.46735,17,2025-10-25 10:32:51.141129,10,5,1,2025-10-25,0.2916666666666667
500109094,YouBike2.0_立功街55巷口,北投區,2025-10-25 13:40:02,立功街76號對側,Beitou Dist,YouBike2.0_Ln. 55， LiGong St.,No. 76， LiGong St. (Opposite),1,2025-10-25 18:31:29,2025-10-25 18:31:52,2025-10-25 13:40:02,2025-10-25,21,4,25.12518,121.46922,17,2025-10-25 10:32:51.141129,10,5,1,2025-10-25,0.19047619047619047
500109095,YouBike2.0_承德路七段401巷(洲美橋下),北投區,2025-10-25 17:50:02,承德路七段401巷200號斜對面,Beitou Dist,YouBike2.0_Ln. 401， Sec. 7， ChengDe Rd. (ZhouMei Bridge),No. 200， Ln. 401， Sec. 7， ChengDe Rd. (Opposite),1,2025-10-25 18:31:29,2025-10-25 18:31:52,2025-10-25 17:50:02,2025-10-25,25,4,25.11483,121.49934,21,2025-10-25 10:32:51.141129,10,5,1,2025-10-25,0.16
500109096,YouBike2.0_大業路(農禪寺),北投區,2025-10-25 10:00:04,大業路6號,Beitou Dist,YouBike2.0_DaYe Rd. (Nung Chan Monastery),No. 6， DaYe Rd.,1,2025-10-25 18:31:29,2025-10-25 18:31:52,2025-10-25 10:00:04,2025-10-25,16,7,25.12231,121.49964,9,2025-10-25 10:32:51.141129,10,5,1,2025-10-25,0.4375
500109097,YouBike2.0_中國電影製片廠,北投區,2025-10-25 15:10:03,中央北路二段400號,Beitou Dist,YouBike2.0_China Film Studio,No. 400， Sec. 2， ZhongYang N. Rd.,1,2025-10-25 18:31:29,2025-10-25 18:31:52,2025-10-25 15:10:03,2025-10-25,15,4,25.13843,121.48802,11,2025-10-25 10:32:51.141129,10,5,1,2025-10-25,0.26666666666666666
500109098,YouBike2.0_北投新興公園,北投區,2025-10-25 14:50:04,新興路/崗山路,Beitou Dist,YouBike2.0_ShinShing Park,XinXing Rd. & GangShan Rd. Intersection,1,2025-10-25 18:31:29,2025-10-25 18:31:52,2025-10-25 14:50:04,2025-10-25,15,8,25.13997,121.48711,6,2025-10-25 10:32:51.141129,10,5,1,2025-10-25,0.5333333333333333
500109099,YouBike2.0_捷運石牌站(2號出口)(西安街一段),北投區,2025-10-25 18:24:16,西安街一段325號對側,Beitou Dist,YouBike2.0_MRT Shipai Sta. (Exit 2) (Sec. 1， XiAn St.),No. 325， Sec. 1， XiAn St. (Opposite),1,2025-10-25 18:31:29,2025-10-25 18:31:52,2025-10-25 18:24:16,2025-10-25,23,22,25.11332,121.51615,1,2025-10-25 10:32:51.141129,10,5,1,2025-10-25,0.9565217391304348
500109100,YouBike2.0_華碩立功大樓,北投區,2025-10-25 17:50:02,立德路115號東北側,Beitou Dist,YouBike2.0_ASUS LiGong Building,No. 115， LiDe Rd. Intersection (Northeast),1,2025-10-25 18:31:29,2025-10-25 18:31:52,2025-10-25 17:50:02,2025-10-25,15,8,25.12771,121.47071,7,2025-10-25 10:32:51.141129,10,5,1,2025-10-25,0.5333333333333333
500109101,YouBike2.0_關渡碼頭,北投區,2025-10-25 17:50:02,關渡碼頭東南側,Beitou Dist,YouBike2.0_Guandu Wharf,Guandu Wharf (Southeast),1,2025-10-25 18:31:29,2025-10-25 18:31:52,2025-10-25 17:50:02,2025-10-25,50,14,25.12066,121.46228,35,2025-10-25 10:32:51.141129,10,5,1,2025-10-25,0.28
500109102,YouBike2.0_珠海路(48號公園),北投區,2025-10-24 14:19:03,珠海路/48號公園公車站,Beitou Dist,YouBike2.0_ZhuHai Rd. (Park NO.48),ZhuHai Rd. (Bus Station：Park NO.48),1,2025-10-25 18:31:29,2025-10-25 18:31:52,2025-10-24 14:19:03,2025-10-24,21,10,25.14262,121.51218,11,2025-10-25 10:32:51.141129,10,5,1,2025-10-25,0.47619047619047616
500109103,YouBike2.0_承德文林北路口(西側),北投區,2025-10-25 16:10:03,承德路六段483-1號前,Beitou Dist,YouBike2.0_ChengDe Rd. & WenLin N. Rd. Intersection (West),No. 483-1， Sec. 6， ChengDe Rd.,1,2025-10-25 18:31:29,2025-10-25 18:31:52,2025-10-25 16:10:03,2025-10-25,16,4,25.11032,121.51097,12,2025-10-25 10:32:51.141129,10,5,1,2025-10-25,0.25
500109104,YouBike2.0_石牌路二段324巷口,北投區,2025-10-25 14:52:02,石牌路二段324巷1號(對面),Beitou Dist,YouBike2.0_Ln. 324， Sec. 2， ShiPai Rd.,No. 1， Ln. 324， Sec. 2， ShiPai Rd. (Opposite),1,2025-10-25 18:31:29,2025-10-25 18:31:52,2025-10-25 14:52:02,2025-10-25,15,12,25.12164,121.52404,3,2025-10-25 10:32:51.141129,10,5,1,2025-10-25,0.8
500109105,YouBike2.0_北投文化公園(中央北路),北投區,2025-10-25 18:30:03,中央北路一段228巷3號(旁),Beitou Dist,YouBike2.0_Wenhua No.1 Park (ZhongYang N. Rd.),No. 3， Ln. 228， Sec. 1， ZhongYang N. Rd.,1,2025-10-25 18:31:29,2025-10-25 18:31:52,2025-10-25 18:30:03,2025-10-25,16,2,25.13632,121.49686,14,2025-10-25 10:32:51.141129,10,5,1,2025-10-25,0.125
500109106,YouBike2.0_泉源路23巷口,北投區,2025-10-25 15:39:02,泉源路23巷/泉源路,Beitou Dist,YouBike2.0_Ln. 23， QuanYuan Rd.,Ln. 23， QuanYuan Rd. & QuanYuan Rd. Intersection,1,2025-10-25 18:31:29,2025-10-25 18:31:52,2025-10-25 15:39:02,2025-10-25,25,14,25.13939,121.50571,11,2025-10-25 10:32:51.141129,10,5,1,2025-10-25,0.56
500109107,YouBike2.0_大業路667巷口,北投區,2025-10-25 18:22:16,大業路673號,Beitou Dist,YouBike2.0_Ln. 667， DaYe Rd.,No. 673， DaYe Rd.,1,2025-10-25 18:31:29,2025-10-25 18:31:52,2025-10-25 18:22:16,2025-10-25,23,15,25.13709,121.4996,8,2025-10-25 10:32:51.141129,10,5,1,2025-10-25,0.6521739130434783
500109108,YouBike2.0_幼華中學(大業路),北投區,2025-10-25 17:50:02,大業路512號,Beitou Dist,YouBike2.0_Taipei YouHua High School (DaYe Rd.),No. 512， DaYe Rd.,1,2025-10-25 18:31:29,2025-10-25 18:31:52,2025-10-25 17:50:02,2025-10-25,26,19,25.13372,121.49602,6,2025-10-25 10:32:51.141129,10,5,1,2025-10-25,0.7307692307692307
500109109,YouBike2.0_溫泉路68巷6弄口,北投區,2025-10-25 18:30:03,溫泉路68巷6弄15之1號(北側),Beitou Dist,YouBike2.0_Aly. 6， Ln. 68， WenQuan Rd.,No. 15-1， Aly. 6， Ln. 68， WenQuan Rd. (North),1,2025-10-25 18:31:29,2025-10-25 18:31:52,2025-10-25 18:30:03,2025-10-25,19,9,25.13401,121.50564,10,2025-10-25 10:32:51.141129,10,5,1,2025-10-25,0.47368421052631576
500109110,YouBike2.0_親水公園,北投區,2025-10-25 16:20:04,大業路527巷/中央北路二段257巷,Beitou Dist,YouBike2.0_Waterfront Park,Ln. 527， DaYe Rd. & Ln. 257， Sec. 2， ZhongYang N. Rd. Intersection,1,2025-10-25 18:31:29,2025-10-25 18:31:52,2025-10-25 16:20:04,2025-10-25,20,6,25.13761,121.49032,14,2025-10-25 10:32:51.141129,10,5,1,2025-10-25,0.3
500109111,YouBike2.0_文林橋(文林北路75巷),北投區,2025-10-25 16:30:04,文林北路75巷/文林北路53巷(南側橋下),Beitou Dist,YouBike2.0_WenLin Bridge (Ln. 75， WenLin N. Rd.),Ln. 75， WenLin N. Rd. & Ln. 53， WenLin N. Rd.,1,2025-10-25 18:31:29,2025-10-25 18:31:52,2025-10-25 16:30:04,2025-10-25,25,5,25.10192,121.51719,20,2025-10-25 10:32:51.141129,10,5,1,2025-10-25,0.2
500109112,YouBike2.0_榮華公園,北投區,2025-10-25 17:40:03,明德路188巷/明德路188巷10弄(東側),Beitou Dist,YouBike2.0_Ronghua Park,Ln. 188， MingDe Rd. & Aly. 10， Ln. 188， MingDe Rd. Intersection (East),1,2025-10-25 18:31:29,2025-10-25 18:31:52,2025-10-25 17:40:03,2025-10-25,26,14,25.11138,121.52212,12,2025-10-25 10:32:51.141129,10,5,1,2025-10-25,0.5384615384615384
500109113,YouBike2.0_北投市場(民族街口),北投區,2025-10-25 17:10:03,公舘路69號西側,Beitou Dist,YouBike2.0_Beitou Market (MinZu St.),No. 69， GongGuan Rd. (West),1,2025-10-25 18:31:29,2025-10-25 18:31:52,2025-10-25 17:10:03,2025-10-25,24,5,25.13221,121.50388,18,2025-10-25 10:32:51.141129,10,5,1,2025-10-25,0.20833333333333334
500109114,YouBike2.0_奇岩抽水站,北投區,2025-10-25 15:30:02,磺港路261號,Beitou Dist,YouBike2.0_QiYan Pumping Station,No. 261， HuangGang Rd.,1,2025-10-25 18:31:29,2025-10-25 18:31:52,2025-10-25 15:30:02,2025-10-25,26,9,25.12386,121.50328,13,2025-10-25 10:32:51.141129,10,5,1,2025-10-25,0.34615384615384615
500109115,YouBike2.0_溫泉路81號,北投區,2025-10-24 13:32:02,溫泉路81-1號對面,Beitou Dist,YouBike2.0_No. 81， WenQuan Rd.,No. 81-1， WenQuan Rd. (Opposite),1,2025-10-25 18:31:29,2025-10-25 18:31:52,2025-10-24 13:32:02,2025-10-24,20,10,25.13543,121.5057,8,2025-10-25 10:32:51.141129,10,5,1,2025-10-25,0.5
500109116,YouBike2.0_北投公園噴泉,北投區,2025-10-25 16:47:02,中山路1-8號對面,Beitou Dist,YouBike2.0_Beitou Park (Fountain),No. 1-8， ZhongShan Rd. (Opposite),1,2025-10-25 18:31:29,2025-10-25 18:31:52,2025-10-25 16:47:02,2025-10-25,27,10,25.13687,121.5048,17,2025-10-25 10:32:51.141129,10,5,1,2025-10-25,0.37037037037037035
500109117,YouBike2.0_振華公園,北投區,2025-10-25 17:10:03,振華街28號(對面),Beitou Dist,YouBike2.0_Zhenhua Park,No. 28， ZhenHua St. (Opposite),1,2025-10-25 18:31:29,2025-10-25 18:31:52,2025-10-25 17:10:03,2025-10-25,23,7,25.11574,121.51854,16,2025-10-25 10:32:51.141129,10,5,1,2025-10-25,0.30434782608695654
500109118,YouBike2.0_三合街一段82巷62弄口,北投區,2025-10-25 12:50:03,三合街一段82巷71號(北側),Beitou Dist,YouBike2.0_Aly. 62， Ln. 82， Sec. 1， SanHe St.,No. 71， Ln. 82， Sec. 1， SanHe St. (North),1,2025-10-25 18:31:29,2025-10-25 18:31:52,2025-10-25 12:50:03,2025-10-25,22,18,25.12874,121.50409,3,2025-10-25 10:32:51.141129,10,5,1,2025-10-25,0.8181818181818182
500110002,YouBike2.0_捷運松山站(4號出口),松山區,2025-10-25 17:10:03,八德路四段742號,Songshan Dist,YouBike2.0_MRT Songshan Sta. (Exit 4),No. 742， Sec. 4， Bade Rd.,1,2025-10-25 18:31:29,2025-10-25 18:31:52,2025-10-25 17:10:03,2025-10-25,19,16,25.04987,121.57785,3,2025-10-25 10:32:51.141129,10,5,1,2025-10-25,0.8421052631578947
500110003,YouBike2.0_塔悠八德路口,松山區,2025-10-25 17:30:03,塔悠路2號(旁),Songshan Dist,YouBike2.0_Tayou Rd. & Bade Rd. Intersection,No. 2， Tayou Rd.,1,2025-10-25 18:31:29,2025-10-25 18:31:52,2025-10-25 17:30:03,2025-10-25,34,12,25.05009,121.57202,22,2025-10-25 10:32:51.141129,10,5,1,2025-10-25,0.35294117647058826
500110004,YouBike2.0_鵬程公園,松山區,2025-10-25 17:30:03,健康路399號北側,Songshan Dist,YouBike2.0_Pengcheng Park,No. 399， Jiankang Rd. (North),1,2025-10-25 18:31:29,2025-10-25 18:31:52,2025-10-25 17:30:03,2025-10-25,24,3,25.05503,121.56876,21,2025-10-25 10:32:51.141129,10,5,1,2025-10-25,0.125
500110005,YouBike2.0_中崙高中,松山區,2025-10-25 17:10:03,八德路四段91巷9號(對面),Songshan Dist,YouBike2.0_Zhonglun Senior High School,No. 9， Ln. 91， Sec. 4， Bade Rd. (Opposite),1,2025-10-25 18:31:29,2025-10-25 18:31:52,2025-10-25 17:10:03,2025-10-25,86,17,25.04878,121.56087,69,2025-10-25 10:32:51.141129,10,5,1,2025-10-25,0.19767441860465115
500110006,YouBike2.0_捷運南京三民站(2號出口),松山區,2025-10-25 17:00:04,南京東路五段156號(前),Songshan Dist,YouBike2.0_MRT Nanjing Sanmin Sta. (Exit 2),No. 156， Sec. 5， Nanjing E. Rd.,1,2025-10-25 18:31:29,2025-10-25 18:31:52,2025-10-25 17:00:04,2025-10-25,19,10,25.05136,121.56283,7,2025-10-25 10:32:51.141129,10,5,1,2025-10-25,0.5263157894736842
500110007,YouBike2.0_捷運南京三民站(1號出口),松山區,2025-10-25 18:30:03,捷運南京三民站(1號出口),Songshan Dist,YouBike2.0_MRT Nanjing Sanmin Sta. (Exit 1),MRT Nanjing Sanmin Sta. (Exit 1),1,2025-10-25 18:31:29,2025-10-25 18:31:52,2025-10-25 18:30:03,2025-10-25,39,9,25.05155,121.5636,30,2025-10-25 10:32:51.141129,10,5,1,2025-10-25,0.23076923076923078
500110008,YouBike2.0_光復北路11巷口,松山區,2025-10-25 17:50:02,光復北路13號(旁),Songshan Dist,YouBike2.0_Ln. 11， Guangfu N Rd.,No. 13， Guangfu N Rd.,1,2025-10-25 18:31:29,2025-10-25 18:31:52,2025-10-25 17:50:02,2025-10-25,31,11,25.04937,121.558,20,2025-10-25 10:32:51.141129,10,5,1,2025-10-25,0.3548387096774194
500110009,YouBike2.0_捷運南京三民站(4號出口),松山區,2025-10-25 16:30:04,南京東路五段229號(前),Songshan Dist,YouBike2.0_MRT Nanjing Sanmin Sta. (Exit 4),No. 229， Sec. 5， Nanjing E. Rd.,1,2025-10-25 18:31:29,2025-10-25 18:31:52,2025-10-25 16:30:04,2025-10-25,13,2,25.05152,121.5646,11,2025-10-25 10:32:51.141129,10,5,1,2025-10-25,0.15384615384615385
500110010,YouBike2.0_西松高中,松山區,2025-10-25 18:30:03,健康路325巷5弄5號(前),Songshan Dist,YouBike2.0_Xisong Senior High School,No. 5， Aly. 5， Ln. 325， Jiankang Rd.,1,2025-10-25 18:31:29,2025-10-25 18:31:52,2025-10-25 18:30:03,2025-10-25,14,5,25.05492,121.56701,9,2025-10-25 10:32:51.141129,10,5,1,2025-10-25,0.35714285714285715
500110011,YouBike2.0_民權復興路口,松山區,2025-10-25 17:40:03,民權東路三段119號(前),Songshan Dist,YouBike2.0_Minquan Rd. & Fuxing Rd. Intersection,No. 119， Sec. 3， Minquan E. Rd.,1,2025-10-25 18:31:29,2025-10-25 18:31:52,2025-10-25 17:40:03,2025-10-25,45,20,25.0622,121.54565,24,2025-10-25 10:32:51.141129,10,5,1,2025-10-25,0.4444444444444444
500110012,YouBike2.0_民福三號綠地,松山區,2025-10-25 16:00:02,民族東路712號(對面),Songshan Dist,YouBike2.0_Minfu No.3 Greens,No. 712， Minzu E. Rd. (Opposite),1,2025-10-25 18:31:29,2025-10-25 18:31:52,2025-10-25 16:00:02,2025-10-25,20,7,25.06374,121.54767,12,2025-10-25 10:32:51.141129,10,5,1,2025-10-25,0.35
500110013,YouBike2.0_民有一號公園,松山區,2025-10-25 17:10:03,敦化北路244巷43號(對面),Songshan Dist,YouBike2.0_Minyou No.1 Park,No. 43， Ln. 244， Dunhua N. Rd. (Opposite),1,2025-10-25 18:31:29,2025-10-25 18:31:52,2025-10-25 17:10:03,2025-10-25,41,27,25.06095,121.54731,12,2025-10-25 10:32:51.141129,10,5,1,2025-10-25,0.6585365853658537
500110014,YouBike2.0_民生敦化路口,松山區,2025-10-25 18:30:03,敦化北路216號(對面),Songshan Dist,YouBike2.0_Minsheng Rd. & Dunhua Rd. Intersection,No. 216， Dunhua N. Rd. (Opposite),1,2025-10-25 18:31:29,2025-10-25 18:31:52,2025-10-25 18:30:03,2025-10-25,66,17,25.05804,121.54897,49,2025-10-25 10:32:51.141129,10,5,1,2025-10-25,0.25757575757575757
500110015,YouBike2.0_松基公園,松山區,2025-10-25 17:30:03,長春路432號(對面),Songshan Dist,YouBike2.0_Song-Ji Park,No. 432， Changchun Rd. (Opposite),1,2025-10-25 18:31:29,2025-10-25 18:31:52,2025-10-25 17:30:03,2025-10-25,20,8,25.0546,121.54486,12,2025-10-25 10:32:51.141129,10,5,1,2025-10-25,0.4
500110016,YouBike2.0_三民路166巷口,松山區,2025-10-25 18:26:16,三民路166巷1號(對面),Songshan Dist,YouBike2.0_Ln. 166， Sanmin Rd. Intersection,No. 1， Ln. 166， Sanmin Rd. (Opposite),1,2025-10-25 18:31:29,2025-10-25 18:31:52,2025-10-25 18:26:16,2025-10-25,12,1,25.0619,121.56328,11,2025-10-25 10:32:51.141129,10,5,1,2025-10-25,0.08333333333333333
500110017,YouBike2.0_民生活動中心,松山區,2025-10-25 18:30:03,民生東路五段163-1號(前),Songshan Dist,YouBike2.0_Minsheng Activity Center,No.163-1， Sec. 5， Minsheng E. Rd.,1,2025-10-25 18:31:29,2025-10-25 18:31:52,2025-10-25 18:30:03,2025-10-25,49,22,25.05907,121.56305,26,2025-10-25 10:32:51.141129,10,5,1,2025-10-25,0.4489795918367347
500110018,YouBike2.0_捷運小巨蛋站(2號出口),松山區,2025-10-25 17:30:03,南京東路四段6號(前),Songshan Dist,YouBike2.0_MRT Taipei Arena Sta. (Exit.2),No.6， Sec. 4， Nanjing E. Rd.,1,2025-10-25 18:31:29,2025-10-25 18:31:52,2025-10-25 17:30:03,2025-10-25,26,14,25.05157,121.55118,9,2025-10-25 10:32:51.141129,10,5,1,2025-10-25,0.5384615384615384
500110019,YouBike2.0_臺北市藝文推廣處,松山區,2025-10-25 18:30:03,八德路三段25號(前),Songshan Dist,YouBike2.0_Taipei City Arts Promotion Office,No. 25， Sec. 3， Bade Rd.,1,2025-10-25 18:31:29,2025-10-25 18:31:52,2025-10-25 18:30:03,2025-10-25,45,27,25.04826,121.55235,17,2025-10-25 10:32:51.141129,10,5,1,2025-10-25,0.6
500110020,YouBike2.0_民生國小(敦化北路199巷),松山區,2025-10-25 18:25:16,敦化北路199巷15號(旁),Songshan Dist,YouBike2.0_Minsheng Elementary School (Ln. 199， Dunhua N. Rd.),No. 15， Ln. 199， Dunhua N. Rd.,1,2025-10-25 18:31:29,2025-10-25 18:31:52,2025-10-25 18:25:16,2025-10-25,20,18,25.05633,121.55286,1,2025-10-25 10:32:51.141129,10,5,1,2025-10-25,0.9
500110021,YouBike2.0_敦北公園,松山區,2025-10-25 18:30:03,敦化北路/富錦街77巷口(東南側),Songshan Dist,YouBike2.0_Dunbei Park,Dunhua N. Rd. & Ln. 77， Fujin St. (Southeast),1,2025-10-25 18:31:29,2025-10-25 18:31:52,2025-10-25 18:30:03,2025-10-25,48,6,25.06118,121.55098,42,2025-10-25 10:32:51.141129,10,5,1,2025-10-25,0.125
500110022,YouBike2.0_民權運動公園,松山區,2025-10-25 16:20:04,民權東路四段/新中街口(西南側),Songshan Dist,YouBike2.0_Minquan Sports Park,Sec. 4， Minquan E Rd. & Xinzhong St. Intersection (Southwest),1,2025-10-25 18:31:29,2025-10-25 18:31:52,2025-10-25 16:20:04,2025-10-25,84,61,25.062,121.56019,23,2025-10-25 10:32:51.141129,10,5,1,2025-10-25,0.7261904761904762
500110023,YouBike2.0_新東公園,松山區,2025-10-25 17:30:03,民生東路五段/塔悠路口(西南側),Songshan Dist,YouBike2.0_Xindong Park,Sec. 5， Minsheng E Rd. & Tayou Rd. Intersection (Southwest),1,2025-10-25 18:31:29,2025-10-25 18:31:52,2025-10-25 17:30:03,2025-10-25,51,15,25.05925,121.56888,36,2025-10-25 10:32:51.141129,10,5,1,2025-10-25,0.29411764705882354
500110024,YouBike2.0_民生光復路口,松山區,2025-10-25 17:30:03,光復北路266號(前),Songshan Dist,YouBike2.0_Minsheng Rd. & Guangfu N. Rd. Intersection,No. 266， Guangfu N. Rd.,1,2025-10-25 18:31:29,2025-10-25 18:31:52,2025-10-25 17:30:03,2025-10-25,33,4,25.05834,121.55496,29,2025-10-25 10:32:51.141129,10,5,1,2025-10-25,0.12121212121212122
500110025,YouBike2.0_三民公園,松山區,2025-10-25 15:40:02,撫遠街298號對側公園,Songshan Dist,YouBike2.0_Sanmin Park,No. 339， Fuyuan St.,1,2025-10-25 18:31:29,2025-10-25 18:31:52,2025-10-25 15:40:02,2025-10-25,35,18,25.061286751494,121.566678992451,16,2025-10-25 10:32:51.141129,10,5,1,2025-10-25,0.5142857142857142
500110026,YouBike2.0_八德路三段74巷口,松山區,2025-10-25 18:30:03,八德路三段74巷95號南側,Songshan Dist,YouBike2.0_Ln. 74， Sec. 3， Bade Rd. Intersection,No. 95， Ln. 74， Sec. 3， Bade Rd. (South),1,2025-10-25 18:31:29,2025-10-25 18:31:52,2025-10-25 18:30:03,2025-10-25,17,7,25.04459,121.55252,9,2025-10-25 10:32:51.141129,10,5,1,2025-10-25,0.4117647058823529
500110027,YouBike2.0_八德路三段8巷口,松山區,2025-10-25 16:10:03,市民大道四段123號,Songshan Dist,YouBike2.0_Ln. 8， Sec. 3， Bade Rd. Intersection,No. 123， Sec. 4， Civic Blvd.,1,2025-10-25 18:31:29,2025-10-25 18:31:52,2025-10-25 16:10:03,2025-10-25,15,6,25.04488,121.54992,9,2025-10-25 10:32:51.141129,10,5,1,2025-10-25,0.4
500110028,YouBike2.0_三軍總醫院(松山分院),松山區,2025-10-25 17:50:02,光復北路/光復北路190巷口(東南側),Songshan Dist,YouBike2.0_Tri-Service General Hospital Songshan Branch,Guangfu N. Rd. & Ln. 190， Guangfu N. Rd. Intersection (Southeast),1,2025-10-25 18:31:29,2025-10-25 18:31:52,2025-10-25 17:50:02,2025-10-25,43,5,25.05419,121.55631,38,2025-10-25 10:32:51.141129,10,5,1,2025-10-25,0.11627906976744186
500110029,YouBike2.0_平安新城,松山區,2025-10-25 16:47:02,延壽街356巷/延壽街330巷16弄(東北側),Songshan Dist,YouBike2.0_Pingan New Town,Ln. 356， Yanshou St. & Aly. 16， Ln. 330， Yanshou St. Intersection (Northeast),1,2025-10-25 18:31:29,2025-10-25 18:31:52,2025-10-25 16:47:02,2025-10-25,16,11,25.05528,121.559,5,2025-10-25 10:32:51.141129,10,5,1,2025-10-25,0.6875
500110030,YouBike2.0_健康社會住宅,松山區,2025-10-25 17:44:15,健康路305號(前),Songshan Dist,YouBike2.0_Jiankang Social Housing,No. 305， Jiankang Rd.,1,2025-10-25 18:31:29,2025-10-25 18:31:52,2025-10-25 17:44:15,2025-10-25,20,2,25.05433,121.56545,18,2025-10-25 10:32:51.141129,10,5,1,2025-10-25,0.1
500110031,YouBike2.0_民權光復路口(東北側),松山區,2025-10-25 18:30:03,民權東路四段/光復北路(東北側),Songshan Dist,YouBike2.0_Minquan Rd. & Guangfu Rd. Intersection (Northeast),Sec. 4， Minquan E. Rd. & Guangfu N. Rd. Intersection (Northeast),1,2025-10-25 18:31:29,2025-10-25 18:31:52,2025-10-25 18:30:03,2025-10-25,39,9,25.06206,121.55475,30,2025-10-25 10:32:51.141129,10,5,1,2025-10-25,0.23076923076923078
500110032,YouBike2.0_市民東興路口,松山區,2025-10-25 17:30:03,東興路33號南側,Songshan Dist,YouBike2.0_Civic Blvd. & Dongxing Rd. Intersection,No. 33， Dongxing Rd. (South),1,2025-10-25 18:31:29,2025-10-25 18:31:52,2025-10-25 17:30:03,2025-10-25,30,23,25.0484,121.56586,7,2025-10-25 10:32:51.141129,10,5,1,2025-10-25,0.7666666666666667
500110033,YouBike2.0_光復南路22巷口,松山區,2025-10-25 15:37:02,光復南路19號西側,Songshan Dist,YouBike2.0_Ln. 22， Guangfu S. Rd. Intersection,No. 19， Guangfu S. Rd. (West),1,2025-10-25 18:31:29,2025-10-25 18:31:52,2025-10-25 15:37:02,2025-10-25,29,11,25.04693,121.55771,18,2025-10-25 10:32:51.141129,10,5,1,2025-10-25,0.3793103448275862
500110034,YouBike2.0_光復南路46巷,松山區,2025-10-25 15:39:02,光復南路46巷10號東側,Songshan Dist,YouBike2.0_Ln. 46， GuangFu S. Rd.,No.10， Ln. 46， GuangFu S. Rd. (North),1,2025-10-25 18:31:29,2025-10-25 18:31:52,2025-10-25 15:39:02,2025-10-25,23,2,25.04606,121.55665,20,2025-10-25 10:32:51.141129,10,5,1,2025-10-25,0.08695652173913043
500110035,YouBike2.0_松山新城,松山區,2025-10-25 17:20:02,健康路78號(對面),Songshan Dist,YouBike2.0_Songshan New Village,No. 78， Jiankang Rd. (Opposite),1,2025-10-25 18:31:29,2025-10-25 18:31:52,2025-10-25 17:20:02,2025-10-25,27,9,25.05347,121.55436,18,2025-10-25 10:32:51.141129,10,5,1,2025-10-25,0.3333333333333333
500110036,YouBike2.0_國土管理署,松山區,2025-10-25 17:50:02,八德路二段342號(前),Songshan Dist,YouBike2.0_National Land Management Agency， MOI,No.342， Sec. 2， Bade Rd.,1,2025-10-25 18:31:29,2025-10-25 18:31:52,2025-10-25 17:50:02,2025-10-25,33,7,25.04769,121.5448,26,2025-10-25 10:32:51.141129,10,5,1,2025-10-25,0.21212121212121213
500110037,YouBike2.0_南京光復路口,松山區,2025-10-25 18:30:03,南京東路四段186號前,Songshan Dist,YouBike2.0_Nanjing Rd. & Guangfu Rd. Intersection,No. 186， Sec. 4， Nanjing E. Rd.,1,2025-10-25 18:31:29,2025-10-25 18:31:52,2025-10-25 18:30:03,2025-10-25,31,17,25.05143,121.55716,14,2025-10-25 10:32:51.141129,10,5,1,2025-10-25,0.5483870967741935
500110038,YouBike2.0_民生立體停車場,松山區,2025-10-25 17:30:03,民生東路五段84號前,Songshan Dist,YouBike2.0_Minsheng Parking Lot,No. 84， Sec. 5， Minsheng E. Rd.,1,2025-10-25 18:31:29,2025-10-25 18:31:52,2025-10-25 17:30:03,2025-10-25,24,7,25.05846,121.55947,17,2025-10-25 10:32:51.141129,10,5,1,2025-10-25,0.2916666666666667
500110039,YouBike2.0_健康新城,松山區,2025-10-25 17:40:03,健康路179號前,Songshan Dist,YouBike2.0_Jiankang New Village,No. 179， Jiankang Rd.,1,2025-10-25 18:31:29,2025-10-25 18:31:52,2025-10-25 17:40:03,2025-10-25,44,25,25.05408,121.56095,18,2025-10-25 10:32:51.141129,10,5,1,2025-10-25,0.5681818181818182
500110040,YouBike2.0_健安新城,松山區,2025-10-25 18:30:03,三民路43巷1號前,Songshan Dist,YouBike2.0_Jianan Sincheng,No. 1， Ln. 43， Sanmin Rd.,1,2025-10-25 18:31:29,2025-10-25 18:31:52,2025-10-25 18:30:03,2025-10-25,30,7,25.05606,121.56345,22,2025-10-25 10:32:51.141129,10,5,1,2025-10-25,0.23333333333333334
500110041,YouBike2.0_復盛公園,松山區,2025-10-25 16:10:03,八德路四段106巷/八德路四段106巷6弄口(東側),Songshan Dist,YouBike2.0_Fusheng Park,Ln. 106， Sec. 4， Bade Rd. & Aly. 6， Ln. 106， Sec. 4， Bade Rd. Intersection (East),1,2025-10-25 18:31:29,2025-10-25 18:31:52,2025-10-25 16:10:03,2025-10-25,37,17,25.04763,121.56115,20,2025-10-25 10:32:51.141129,10,5,1,2025-10-25,0.4594594594594595
500110042,YouBike2.0_中崙福成宮,松山區,2025-10-25 17:30:03,市民大道四段73號前,Songshan Dist,YouBike2.0_Zhonglun Fucheng Temple,No. 73， Sec. 4， Civic Blvd.,1,2025-10-25 18:31:29,2025-10-25 18:31:52,2025-10-25 17:30:03,2025-10-25,31,9,25.04524,121.54659,22,2025-10-25 10:32:51.141129,10,5,1,2025-10-25,0.2903225806451613
500110043,YouBike2.0_捷運南京復興站(7號出口),松山區,2025-10-25 17:30:03,慶城街1號(東南側),Songshan Dist,YouBike2.0_MRT Nanjing Fuxing Sta.(Exit.7),No. 1， Qingcheng St. (Southeast),1,2025-10-25 18:31:29,2025-10-25 18:31:52,2025-10-25 17:30:03,2025-10-25,15,12,25.05278,121.54478,3,2025-10-25 10:32:51.141129,10,5,1,2025-10-25,0.8
500110044,YouBike2.0_捷運南京復興站(5號出口),松山區,2025-10-25 18:30:03,南京東路三段262號,Songshan Dist,YouBike2.0_MRT Nanjing Fuxing Sta.(Exit.5),No. 262， Sec. 3， Nanjing E. Rd.,1,2025-10-25 18:31:29,2025-10-25 18:31:52,2025-10-25 18:30:03,2025-10-25,52,42,25.05168,121.54506,7,2025-10-25 10:32:51.141129,10,5,1,2025-10-25,0.8076923076923077
500110045,YouBike2.0_塔悠疏散門,松山區,2025-10-25 15:50:04,民權東路五段41之1號,Songshan Dist,YouBike2.0_Tayou Evacuation Gate,No. 41-1， Sec. 5， Minquan E. Rd.,1,2025-10-25 18:31:29,2025-10-25 18:31:52,2025-10-25 15:50:04,2025-10-25,32,9,25.0648,121.56788,23,2025-10-25 10:32:51.141129,10,5,1,2025-10-25,0.28125
500110046,YouBike2.0_臺北田徑場,松山區,2025-10-25 17:50:02,敦化北路/八德路三段(東北側),Songshan Dist,YouBike2.0_Taipei Stadium,Dunhua N. Rd. & Sec. 3， Bade Rd. Intersection (Northeast),1,2025-10-25 18:31:29,2025-10-25 18:31:52,2025-10-25 17:50:02,2025-10-25,71,24,25.04951,121.54941,47,2025-10-25 10:32:51.141129,10,5,1,2025-10-25,0.3380281690140845
500110047,YouBike2.0_捷運小巨蛋站(5號出口),松山區,2025-10-25 18:30:03,南京東路四段75-1號前,Songshan Dist,YouBike2.0_MRT Taipei Arena Sta. (Exit.5),No. 75-1， Sec. 4， Nanjing E. Rd.,1,2025-10-25 18:31:29,2025-10-25 18:31:52,2025-10-25 18:30:03,2025-10-25,22,21,25.05176,121.55352,1,2025-10-25 10:32:51.141129,10,5,1,2025-10-25,0.9545454545454546
500110048,YouBike2.0_敦化長春路口,松山區,2025-10-25 18:30:03,敦化北路112號前,Songshan Dist,YouBike2.0_Dunhua Rd. & Changchun Rd. Intersection,No. 112， Dunhua N. Rd.,1,2025-10-25 18:31:29,2025-10-25 18:31:52,2025-10-25 18:30:03,2025-10-25,34,4,25.0536,121.54871,30,2025-10-25 10:32:51.141129,10,5,1,2025-10-25,0.11764705882352941
500110049,YouBike2.0_饒河疏散門(基四號疏散門),松山區,2025-10-25 18:22:16,松河街182號對側,Songshan Dist,YouBike2.0_Raohe Evacuation Gate,No. 182， Songhe St. (Opposite),1,2025-10-25 18:31:29,2025-10-25 18:31:52,2025-10-25 18:22:16,2025-10-25,19,18,25.05147,121.57683,0,2025-10-25 10:32:51.141129,10,5,1,2025-10-25,0.9473684210526315
500110050,YouBike2.0_捷運松山站(2號出口),松山區,2025-10-25 17:40:03,八德路四段685號前,Songshan Dist,YouBike2.0_MRT Songshan Sta. (Exit 2),No. 685， Sec. 4， Bade Rd.,1,2025-10-25 18:31:29,2025-10-25 18:31:52,2025-10-25 17:40:03,2025-10-25,14,9,25.05013,121.57635,5,2025-10-25 10:32:51.141129,10,5,1,2025-10-25,0.6428571428571429
500110051,YouBike2.0_民權東路三段106巷口,松山區,2025-10-25 17:30:03,民權東路三段102號前,Songshan Dist,YouBike2.0_Ln. 106， Sec. 3， Minquan E. Rd.,No. 102， Sec. 3， Minquan E. Rd.,1,2025-10-25 18:31:29,2025-10-25 18:31:52,2025-10-25 17:30:03,2025-10-25,22,7,25.062,121.54472,15,2025-10-25 10:32:51.141129,10,5,1,2025-10-25,0.3181818181818182
500110052,YouBike2.0_南京東路五段59巷口,松山區,2025-10-25 17:40:03,南京東路五段57號(前),Songshan Dist,YouBike2.0_Ln. 59， Sec. 5， Nanjing E. Rd.,No. 57， Sec. 5， Nanjing E. Rd.,1,2025-10-25 18:31:29,2025-10-25 18:31:52,2025-10-25 17:40:03,2025-10-25,17,6,25.05163,121.55907,10,2025-10-25 10:32:51.141129,10,5,1,2025-10-25,0.35294117647058826
500110053,YouBike2.0_三民公園(塔悠路),松山區,2025-10-25 12:48:01,塔悠路/撫遠街261巷(西側),Songshan Dist,YouBike2.0_Sanmin Park (Tayou Rd.),Tayou Rd. & Ln. 261， Fuyuan St. (West),1,2025-10-25 18:31:29,2025-10-25 18:31:52,2025-10-25 12:48:01,2025-10-25,20,13,25.06241,121.56831,7,2025-10-25 10:32:51.141129,10,5,1,2025-10-25,0.65
500110054,YouBike2.0_寶清公園,松山區,2025-10-25 16:47:02,寶清街/寶清街30巷(北側),Songshan Dist,YouBike2.0_Baoqing Park,Baoqing St. & Ln. 30， Baoqing St. Intersection (North),1,2025-10-25 18:31:29,2025-10-25 18:31:52,2025-10-25 16:47:02,2025-10-25,19,7,25.05198,121.5681,11,2025-10-25 10:32:51.141129,10,5,1,2025-10-25,0.3684210526315789
500110055,YouBike2.0_西松公園,松山區,2025-10-25 15:39:02,健康路/南京東路五段251巷50弄(西側),Songshan Dist,YouBike2.0_Xisong Park,Jiankang Rd. & Aly. 50， Ln. 251， Sec. 5， Nanjing E. Rd. Intersection (West),1,2025-10-25 18:31:29,2025-10-25 18:31:52,2025-10-25 15:39:02,2025-10-25,11,4,25.05406,121.56407,6,2025-10-25 10:32:51.141129,10,5,1,2025-10-25,0.36363636363636365
500110056,YouBike2.0_長壽公園,松山區,2025-10-25 16:00:02,健康路174號(旁),Songshan Dist,YouBike2.0_Changshou Park,No. 174， Jiankang Rd.,1,2025-10-25 18:31:29,2025-10-25 18:31:52,2025-10-25 16:00:02,2025-10-25,22,8,25.05378,121.55893,14,2025-10-25 10:32:51.141129,10,5,1,2025-10-25,0.36363636363636365
500110057,YouBike2.0_復源公園,松山區,2025-10-25 18:16:16,八德路三段106巷62號(對面),Songshan Dist,YouBike2.0_Fuyuan Park,No. 62， Ln. 106， Sec. 3， Bade Rd. (Opposite),1,2025-10-25 18:31:29,2025-10-25 18:31:52,2025-10-25 18:16:16,2025-10-25,14,11,25.04634,121.5542,1,2025-10-25 10:32:51.141129,10,5,1,2025-10-25,0.7857142857142857
500110058,YouBike2.0_南京東路四段179巷口,松山區,2025-10-25 18:12:15,南京東路四段163號(前),Songshan Dist,YouBike2.0_Ln. 179， Sec. 4， Nanjing E. Rd.,No. 163， Sec. 4， Nanjing E. Rd.,1,2025-10-25 18:31:29,2025-10-25 18:31:52,2025-10-25 18:12:15,2025-10-25,13,12,25.05173,121.55609,0,2025-10-25 10:32:51.141129,10,5,1,2025-10-25,0.9230769230769231
500110059,YouBike2.0_臺北田徑場(北寧路側),松山區,2025-10-25 17:00:04,八德路三段25號前,Songshan Dist,YouBike2.0_Taipei Stadium (Beining Rd.),No. 25， Sec. 3， Bade Rd.,1,2025-10-25 18:31:29,2025-10-25 18:31:52,2025-10-25 17:00:04,2025-10-25,44,26,25.04954,121.55261,18,2025-10-25 10:32:51.141129,10,5,1,2025-10-25,0.5909090909090909
500110060,YouBike2.0_西松高中(健康路325巷),松山區,2025-10-25 17:20:02,健康路325巷 / 健康路325巷12弄口(東北側),Songshan Dist,YouBike2.0_Xisong Senior High School (Ln. 325， Jiankang Rd.),Ln. 325， Jiankang Rd. & Aly. 12， Ln. 325， Jiankang Rd. Intersection (Northeast),1,2025-10-25 18:31:29,2025-10-25 18:31:52,2025-10-25 17:20:02,2025-10-25,31,7,25.05567,121.56713,21,2025-10-25 10:32:51.141129,10,5,1,2025-10-25,0.22580645161290322
500110061,YouBike2.0_南京東興路口,松山區,2025-10-25 18:30:03,南京東路五段 / 東興路口(北側),Songshan Dist,YouBike2.0_Nanjing Rd. & Dongxing Rd. Intersection,Sec. 5， Nanjing E. Rd. & Dongxing Rd. Intersection (North),1,2025-10-25 18:31:29,2025-10-25 18:31:52,2025-10-25 18:30:03,2025-10-25,30,21,25.05149,121.56535,8,2025-10-25 10:32:51.141129,10,5,1,2025-10-25,0.7
500110062,YouBike2.0_捷運松山站(3號出口),松山區,2025-10-25 18:30:03,松山路/市民大道六段(西北側捷運3號出口),Songshan Dist,YouBike2.0_MRT Songshan Sta. (Exit 3),Songshan Rd. & Sec. 6， Civic Blvd. Intersection,1,2025-10-25 18:31:29,2025-10-25 18:31:52,2025-10-25 18:30:03,2025-10-25,52,7,25.04962,121.57746,45,2025-10-25 10:32:51.141129,10,5,1,2025-10-25,0.1346153846153846
500110063,YouBike2.0_介壽國中,松山區,2025-10-25 18:30:03,民生東路五段36巷/光復北路165巷,Songshan Dist,YouBike2.0_Jieshou Junior High School,Ln. 36， Sec. 5， Minsheng E. Rd. & Ln. 165， Guangfu N. Rd. Intersection,1,2025-10-25 18:31:29,2025-10-25 18:31:52,2025-10-25 18:30:03,2025-10-25,30,14,25.05722,121.55706,16,2025-10-25 10:32:51.141129,10,5,1,2025-10-25,0.4666666666666667
500110064,YouBike2.0_敦化南京路口(東北側),松山區,2025-10-25 17:40:03,敦化北路/南京東路四段,Songshan Dist,YouBike2.0_Dunhua Rd. & Nanjing Rd. Intersection (Northeast),Dunhua N. Rd. & Sec. 4， Nanjing E. Rd. Intersection,1,2025-10-25 18:31:29,2025-10-25 18:31:52,2025-10-25 17:40:03,2025-10-25,25,4,25.05226,121.54926,21,2025-10-25 10:32:51.141129,10,5,1,2025-10-25,0.16
500110065,YouBike2.0_敦化八德路口,松山區,2025-10-25 18:30:03,敦化南路一段/八德路二段(西南側),Songshan Dist,YouBike2.0_Dunhua Rd. & Bade Rd. Intersection,Sec. 1， Dunhua S. Rd. & Sec. 2， Bade Rd. Intersection (Southwest),1,2025-10-25 18:31:29,2025-10-25 18:31:52,2025-10-25 18:30:03,2025-10-25,55,13,25.04802,121.54864,41,2025-10-25 10:32:51.141129,10,5,1,2025-10-25,0.23636363636363636
500110066,YouBike2.0_新東街51巷口,松山區,2025-10-25 18:30:03,三民路 / 新東街51巷口(東側),Songshan Dist,YouBike2.0_Ln. 51， Xindong St.,Sanmin Rd. & Ln. 51， Xindong St. Intersection (East),1,2025-10-25 18:31:29,2025-10-25 18:31:52,2025-10-25 18:30:03,2025-10-25,27,2,25.0615,121.56332,25,2025-10-25 10:32:51.141129,10,5,1,2025-10-25,0.07407407407407407
500110067,YouBike2.0_八德立體停車場,松山區,2025-10-25 16:50:04,八德路/松信路(西南側),Songshan Dist,YouBike2.0_Bade Parking,Bade Rd. & Songxin Rd. Intersection (Southwest),1,2025-10-25 18:31:29,2025-10-25 18:31:52,2025-10-25 16:50:04,2025-10-25,34,11,25.04985,121.57189,22,2025-10-25 10:32:51.141129,10,5,1,2025-10-25,0.3235294117647059
500110068,YouBike2.0_長春慶城街口,松山區,2025-10-25 17:40:03,長春路431號前,Songshan Dist,YouBike2.0_Changchun Rd. & Qingcheng St. Intersection,No. 431， Changchun Rd.,1,2025-10-25 18:31:29,2025-10-25 18:31:52,2025-10-25 17:40:03,2025-10-25,28,15,25.05452,121.54636,13,2025-10-25 10:32:51.141129,10,5,1,2025-10-25,0.5357142857142857
500110069,YouBike2.0_八德路四段652巷口,松山區,2025-10-25 18:30:03,八德路四段650號南側,Songshan Dist,YouBike2.0_Ln. 652， Sec. 4， Bade Rd.,No. 650， Sec. 4， Bade Rd. (South),1,2025-10-25 18:31:29,2025-10-25 18:31:52,2025-10-25 18:30:03,2025-10-25,20,14,25.04942,121.57503,2,2025-10-25 10:32:51.141129,10,5,1,2025-10-25,0.7
500110070,YouBike2.0_捷運松山站(1號出口),松山區,2025-10-25 18:21:16,八德路四段711號前,Songshan Dist,YouBike2.0_MRT Songshan Sta. (Exit 1),No. 711， Sec. 4， Bade Rd.,1,2025-10-25 18:31:29,2025-10-25 18:31:52,2025-10-25 18:21:16,2025-10-25,15,14,25.05014,121.57692,1,2025-10-25 10:32:51.141129,10,5,1,2025-10-25,0.9333333333333333
500110071,YouBike2.0_捷運小巨蛋站(3號出口),松山區,2025-10-25 18:30:03,南京東路四段12號前,Songshan Dist,YouBike2.0_MRT Taipei Arena Sta. (Exit.3),No. 12， Sec. 4， Nanjing E. Rd.,1,2025-10-25 18:31:29,2025-10-25 18:31:52,2025-10-25 18:30:03,2025-10-25,28,13,25.05152,121.55243,15,2025-10-25 10:32:51.141129,10,5,1,2025-10-25,0.4642857142857143
500110072,YouBike2.0_捷運小巨蛋站(5號出口)_1,松山區,2025-10-25 17:31:14,南京東路四段/健康路(西北側),Songshan Dist,YouBike2.0_MRT Taipei Arena Sta. (Exit.5)_1,Sec. 4， Nanjing E. Rd. & Jiankang Rd. Intersection (Northwest),1,2025-10-25 18:31:29,2025-10-25 18:31:52,2025-10-25 17:31:14,2025-10-25,20,2,25.05181,121.5521,18,2025-10-25 10:32:51.141129,10,5,1,2025-10-25,0.1
500110073,YouBike2.0_敦化北路155巷口,松山區,2025-10-25 17:58:15,敦化北路151號前分隔島,Songshan Dist,YouBike2.0_Ln. 155， Dunhua N. Rd.,No. 151， Dunhua N. Rd.,1,2025-10-25 18:31:29,2025-10-25 18:31:52,2025-10-25 17:58:15,2025-10-25,30,1,25.0542,121.5491,29,2025-10-25 10:32:51.141129,10,5,1,2025-10-25,0.03333333333333333
500110074,YouBike2.0_民生復興路口,松山區,2025-10-25 17:20:02,民生東路三段/復興北路(東南側),Songshan Dist,YouBike2.0_Minsheng Rd. & Fuxing Rd. Intersection,Sec. 3， Minsheng E. Rd. & Fuxing N. Rd. Intersection (Southeast),1,2025-10-25 18:31:29,2025-10-25 18:31:52,2025-10-25 17:20:02,2025-10-25,30,8,25.05764,121.54443,22,2025-10-25 10:32:51.141129,10,5,1,2025-10-25,0.26666666666666666
500110076,YouBike2.0_市民延吉街口,松山區,2025-10-25 18:30:03,市民大道/延吉街(市民大道橋下空地),Songshan Dist,YouBike2.0_Civic Blvd. & Yanji St. Intersection,Civic Blvd. & Yanji St. Intersection (Under Bridge),1,2025-10-25 18:31:29,2025-10-25 18:31:52,2025-10-25 18:30:03,2025-10-25,30,7,25.0444,121.55397,23,2025-10-25 10:32:51.141129,10,5,1,2025-10-25,0.23333333333333334
500110077,YouBike2.0_龍城市場,松山區,2025-10-25 17:40:03,光復北路190巷35號對側,Songshan Dist,YouBike2.0_Longcheng Market,No. 35， Ln. 190， Guangfu N. Rd. (Opposite),1,2025-10-25 18:31:29,2025-10-25 18:31:52,2025-10-25 17:40:03,2025-10-25,22,9,25.05454,121.55417,13,2025-10-25 10:32:51.141129,10,5,1,2025-10-25,0.4090909090909091
500110078,YouBike2.0_捷運南京三民站(3號出口),松山區,2025-10-25 17:40:03,捷運南京三民站(3號出口),Songshan Dist,YouBike2.0_MRT Nanjing Sanmin Sta. (Exit 3),MRT Nanjing Sanmin Sta. (Exit 3),1,2025-10-25 18:31:29,2025-10-25 18:31:52,2025-10-25 17:40:03,2025-10-25,28,15,25.05129,121.56426,13,2025-10-25 10:32:51.141129,10,5,1,2025-10-25,0.5357142857142857
500110079,YouBike2.0_塔悠基隆路口(麥帥一橋下),松山區,2025-10-25 17:20:02,南京東路五段386號前,Songshan Dist,YouBike2.0_Tayou Rd. & Keelung Rd. Intersection (First MacArthur Bridge),No. 386， Sec. 5， Nanjing E. Rd.,1,2025-10-25 18:31:29,2025-10-25 18:31:52,2025-10-25 17:20:02,2025-10-25,20,5,25.05139,121.57062,15,2025-10-25 10:32:51.141129,10,5,1,2025-10-25,0.25
500110080,YouBike2.0_五常街370巷,松山區,2025-10-25 16:22:18,五常街370巷8號,Songshan Dist,YouBike2.0_Ln. 370， Wuchang St.,No. 8， Ln. 370， Wuchang St.,1,2025-10-25 18:31:29,2025-10-25 18:31:52,2025-10-25 16:22:18,2025-10-25,11,1,25.06432,121.54537,9,2025-10-25 10:32:51.141129,10,5,1,2025-10-25,0.09090909090909091
500110081,YouBike2.0_延壽街119巷口,松山區,2025-10-25 18:20:19,延壽街119巷/延壽街,Songshan Dist,YouBike2.0_Ln. 119， Yanshou St.,Ln. 119， Yanshou St. & Yanshou St.,1,2025-10-25 18:31:29,2025-10-25 18:31:52,2025-10-25 18:20:19,2025-10-25,15,15,25.05708,121.56486,0,2025-10-25 10:32:51.141129,10,5,1,2025-10-25,1.0
500110082,YouBike2.0_市民東寧路口,松山區,2025-10-25 18:30:03,市民大道五段111號前,Songshan Dist,YouBike2.0_Civic Blvd. & Dongning Rd. Intersection,No. 111， Sec. 5， Civic Blvd.,1,2025-10-25 18:31:29,2025-10-25 18:31:52,2025-10-25 18:30:03,2025-10-25,23,11,25.04742,121.56305,11,2025-10-25 10:32:51.141129,10,5,1,2025-10-25,0.4782608695652174
500110083,YouBike2.0_民福簡易綠地,松山區,2025-10-25 15:40:02,民族東路630號對側,Songshan Dist,YouBike2.0_Minfu Green,No. 630， Minzu E. Rd. (Opposite),1,2025-10-25 18:31:29,2025-10-25 18:31:52,2025-10-25 15:40:02,2025-10-25,15,7,25.06589,121.54529,8,2025-10-25 10:32:51.141129,10,5,1,2025-10-25,0.4666666666666667
500110084,YouBike2.0_三民國小(撫遠街),松山區,2025-10-25 17:40:03,撫遠街390巷27號對側,Songshan Dist,YouBike2.0_Sanmin Elementary School (Fuyuan St.),No. 27， Ln. 390， Fuyuan St. (Opposite),1,2025-10-25 18:31:29,2025-10-25 18:31:52,2025-10-25 17:40:03,2025-10-25,26,21,25.06457,121.56458,5,2025-10-25 10:32:51.141129,10,5,1,2025-10-25,0.8076923076923077
500110085,YouBike2.0_民生郵局,松山區,2025-10-25 17:25:18,民生東路五段191號,Songshan Dist,YouBike2.0_Minsheng Post Office,No. 191， Sec. 5， Minsheng E. Rd.,1,2025-10-25 18:31:29,2025-10-25 18:31:52,2025-10-25 17:25:18,2025-10-25,14,1,25.05936,121.56586,13,2025-10-25 10:32:51.141129,10,5,1,2025-10-25,0.07142857142857142
500110086,YouBike2.0_民權敦化路口(西北側),松山區,2025-10-25 17:20:02,民權東路三段211號前人行道,Songshan Dist,YouBike2.0_MinQuan Rd. & DunHua Rd. Intersection (Northwest),No. 211， Sec. 3， Minquan E. Rd.,1,2025-10-25 18:31:29,2025-10-25 18:31:52,2025-10-25 17:20:02,2025-10-25,24,9,25.06185,121.55,14,2025-10-25 10:32:51.141129,10,5,1,2025-10-25,0.375
500110087,YouBike2.0_寶清八德路口(北側),松山區,2025-10-25 18:30:03,寶清街29號旁,Songshan Dist,YouBike2.0_BaoQing St. & BaDe Rd. Intersection (North),No. 29， BaoQing St.,1,2025-10-25 18:31:29,2025-10-25 18:31:52,2025-10-25 18:30:03,2025-10-25,19,10,25.05028,121.56879,5,2025-10-25 10:32:51.141129,10,5,1,2025-10-25,0.5263157894736842
500110088,YouBike2.0_民生東路三段140巷口,松山區,2025-10-25 16:40:02,興安街/民生東路三段140巷,Songshan Dist,YouBike2.0_Ln. 140， Sec. 3， MinsHeng E. Rd.,XingAn St. & Ln. 140， Sec. 3， Minsheng E. Rd. Intersection,1,2025-10-25 18:31:29,2025-10-25 18:31:52,2025-10-25 16:40:02,2025-10-25,15,4,25.056,121.5467,11,2025-10-25 10:32:51.141129,10,5,1,2025-10-25,0.26666666666666666
500110089,YouBike2.0_新東延壽街口,松山區,2025-10-25 17:50:02,新東街1巷2號前,Songshan Dist,YouBike2.0_XinDong St. & YanShou St. Intersection,No. 2， Ln. 1， XinDong St.,1,2025-10-25 18:31:29,2025-10-25 18:31:52,2025-10-25 17:50:02,2025-10-25,24,8,25.05725,121.56608,16,2025-10-25 10:32:51.141129,10,5,1,2025-10-25,0.3333333333333333
500110090,YouBike2.0_健康公園,松山區,2025-10-25 16:47:02,健康路442號旁,Songshan Dist,YouBike2.0_JianKang Park,No. 442， JianKang Rd.,1,2025-10-25 18:31:29,2025-10-25 18:31:52,2025-10-25 16:47:02,2025-10-25,26,8,25.05434,121.56878,18,2025-10-25 10:32:51.141129,10,5,1,2025-10-25,0.3076923076923077
500110091,YouBike2.0_新中街4巷口,松山區,2025-10-25 18:30:03,三民路113巷33號,Songshan Dist,YouBike2.0_Ln. 4， XinZhong St.,No. 33， Ln. 113， SanMin Rd.,1,2025-10-25 18:31:29,2025-10-25 18:31:52,2025-10-25 18:30:03,2025-10-25,36,23,25.05779,121.56167,12,2025-10-25 10:32:51.141129,10,5,1,2025-10-25,0.6388888888888888
500110092,YouBike2.0_光復北富錦街口,松山區,2025-10-25 14:40:03,光復北路/富錦街,Songshan Dist,YouBike2.0_GuangFu N. Rd. & FuJin St. Intersection,GuangFu N. Rd. & FuJin St. Intersection,1,2025-10-25 18:31:29,2025-10-25 18:31:52,2025-10-25 14:40:03,2025-10-25,25,12,25.06054,121.55489,13,2025-10-25 10:32:51.141129,10,5,1,2025-10-25,0.48
500110093,YouBike2.0_松山國小(東北側),松山區,2025-10-25 14:00:02,八德路四段847號(對側),Songshan Dist,YouBike2.0_Song Shan Primary School (Northeast),No. 847， Sec. 4， BaDe Rd. (Opposite),1,2025-10-25 18:31:29,2025-10-25 18:31:52,2025-10-25 14:00:02,2025-10-25,24,11,25.05141,121.57972,12,2025-10-25 10:32:51.141129,10,5,1,2025-10-25,0.4583333333333333
500110094,YouBike2.0_撫遠街403巷,松山區,2025-10-25 17:10:03,撫遠街403巷4號對側,Songshan Dist,YouBike2.0_Ln. 403， FuYuan St.,No. 4， Ln. 403， FuYuan St. (Opposite),1,2025-10-25 18:31:29,2025-10-25 18:31:52,2025-10-25 17:10:03,2025-10-25,33,14,25.06608,121.5658,19,2025-10-25 10:32:51.141129,10,5,1,2025-10-25,0.42424242424242425
500110095,YouBike2.0_基六號疏散門,松山區,2025-10-25 16:40:02,基六號疏散門旁,Songshan Dist,YouBike2.0_TaYou Evacuating Gate,TaYou Evacuating Gate,1,2025-10-25 18:31:29,2025-10-25 18:31:52,2025-10-25 16:40:02,2025-10-25,33,8,25.06575,121.568,25,2025-10-25 10:32:51.141129,10,5,1,2025-10-25,0.24242424242424243
500110096,YouBike2.0_民權三民路口,松山區,2025-10-25 13:42:03,民權東路與三民路口北側,Songshan Dist,YouBike2.0_MinQuan E. Rd. & SanMin Rd. Intersection,MinQuan E. Rd. & SanMin Rd. Intersection (North),1,2025-10-25 18:31:29,2025-10-25 18:31:52,2025-10-25 13:42:03,2025-10-25,20,4,25.06293,121.56296,16,2025-10-25 10:32:51.141129,10,5,1,2025-10-25,0.2
500110097,YouBike2.0_民權運動公園(北側),松山區,2025-10-25 17:40:03,民權運動公園北側人行道,Songshan Dist,YouBike2.0_MingQuan Park (North),MingQuan Park (North),1,2025-10-25 18:31:29,2025-10-25 18:31:52,2025-10-25 17:40:03,2025-10-25,30,4,25.06198,121.55711,26,2025-10-25 10:32:51.141129,10,5,1,2025-10-25,0.13333333333333333
500110098,YouBike2.0_中崙高中停車場,松山區,2025-10-25 16:30:04,光復北路11巷81號對側,Songshan Dist,YouBike2.0_Zhonglun High School Car Park,No. 81， Ln. 11， GuangFu N. Rd. (Opposite),1,2025-10-25 18:31:29,2025-10-25 18:31:52,2025-10-25 16:30:04,2025-10-25,25,16,25.05023,121.56153,8,2025-10-25 10:32:51.141129,10,5,1,2025-10-25,0.64
500110099,YouBike2.0_光復延壽街口(西北側),松山區,2025-10-25 17:40:03,光復北路238號,Songshan Dist,YouBike2.0_GuangFu N. Rd. & YanShou St. Intersection (Northwest),No. 238， GuangFu N. Rd.,1,2025-10-25 18:31:29,2025-10-25 18:31:52,2025-10-25 17:40:03,2025-10-25,23,6,25.05677,121.55548,17,2025-10-25 10:32:51.141129,10,5,1,2025-10-25,0.2608695652173913
500110100,YouBike2.0_富錦新東街口(西側),松山區,2025-10-25 16:00:02,富錦街515號前,Songshan Dist,YouBike2.0_FuJin St. & XinDong St. Intersection (West),No. 515， FuJin St.,1,2025-10-25 18:31:29,2025-10-25 18:31:52,2025-10-25 16:00:02,2025-10-25,13,7,25.06108,121.5647,6,2025-10-25 10:32:51.141129,10,5,1,2025-10-25,0.5384615384615384
500110101,YouBike2.0_延壽街18巷口,松山區,2025-10-25 16:50:04,延壽街15號(對面),Songshan Dist,YouBike2.0_Ln. 18， YanShou St.,No. 15， YanShou St. (Opposite),1,2025-10-25 18:31:29,2025-10-25 18:31:52,2025-10-25 16:50:04,2025-10-25,17,9,25.05725,121.56843,8,2025-10-25 10:32:51.141129,10,5,1,2025-10-25,0.5294117647058824
500110102,YouBike2.0_民生東路四段97巷,松山區,2025-10-25 17:50:02,民生東路四段97巷4號,Songshan Dist,YouBike2.0_Ln. 97， Sec. 4， MinSheng E. Rd.,No. 4， Ln. 97， Sec. 4， MinSheng E. Rd.,1,2025-10-25 18:31:29,2025-10-25 18:31:52,2025-10-25 17:50:02,2025-10-25,26,11,25.05864,121.55208,15,2025-10-25 10:32:51.141129,10,5,1,2025-10-25,0.4230769230769231
500110103,YouBike2.0_民生東路五段177巷口,松山區,2025-10-25 17:20:02,民生東路五段167-3號前,Songshan Dist,YouBike2.0_Ln. 177， Sec. 5， MinSheng E. Rd.,No. 167-3， Sec. 5， MinSheng E. Rd.,1,2025-10-25 18:31:29,2025-10-25 18:31:52,2025-10-25 17:20:02,2025-10-25,19,4,25.05913,121.56466,15,2025-10-25 10:32:51.141129,10,5,1,2025-10-25,0.21052631578947367
500110104,YouBike2.0_西松高中地下停車場,松山區,2025-10-25 14:20:03,三民路74巷8號對側,Songshan Dist,YouBike2.0_Xisong High School Car Park,No. 8， Ln. 74， SanMin Rd. (Opposite),1,2025-10-25 18:31:29,2025-10-25 18:31:52,2025-10-25 14:20:03,2025-10-25,26,4,25.05564,121.56551,22,2025-10-25 10:32:51.141129,10,5,1,2025-10-25,0.15384615384615385
500110105,YouBike2.0_民生東路五段69巷,松山區,2025-10-25 17:30:03,民生東路五段69巷23-2號(前),Songshan Dist,YouBike2.0_Ln. 69， Sec. 5， MinSheng E. Rd.,No. 23-2， Ln. 69， Sec. 5， MinSheng E. Rd.,1,2025-10-25 18:31:29,2025-10-25 18:31:52,2025-10-25 17:30:03,2025-10-25,17,11,25.05983,121.55809,6,2025-10-25 10:32:51.141129,10,5,1,2025-10-25,0.6470588235294118
500110106,YouBike2.0_民生東路五段137巷6弄口,松山區,2025-10-25 17:14:15,民生東路五段137巷6弄1號西側,Songshan Dist,YouBike2.0_Aly. 6， Ln. 137， Sec. 5， MinSheng E. Rd.,No. 1， Aly. 6， Ln. 137， Sec. 5， MinSheng E. Rd. (West),1,2025-10-25 18:31:29,2025-10-25 18:31:52,2025-10-25 17:14:15,2025-10-25,16,13,25.06043,121.56142,3,2025-10-25 10:32:51.141129,10,5,1,2025-10-25,0.8125
500111001,YouBike2.0_南港公園(東新街),南港區,2025-10-25 17:32:16,東新街170巷1號西南側,Nangang Dist,YouBike2.0_Nangang Park (Dongxin St),No. 1， Ln. 170， Dongxin St. Southwest),1,2025-10-25 18:31:29,2025-10-25 18:31:52,2025-10-25 17:32:16,2025-10-25,25,20,25.04591,121.59226,4,2025-10-25 10:32:51.141129,10,5,1,2025-10-25,0.8
500111002,YouBike2.0_南港公園(福德街),南港區,2025-10-25 17:30:03,福德街383號北側,Nangang Dist,YouBike2.0_Nangang Park (Fude St),No. 383， Fude St. (North),1,2025-10-25 18:31:29,2025-10-25 18:31:52,2025-10-25 17:30:03,2025-10-25,56,28,25.04128,121.59089,28,2025-10-25 10:32:51.141129,10,5,1,2025-10-25,0.5
500111003,YouBike2.0_捷運昆陽站(1號出口),南港區,2025-10-25 16:30:04,忠孝東路六段403號,Nangang Dist,YouBike2.0_MRT Kunyang Sta. (Exit 1),No. 403， Sec. 6， Zhongxiao E. Rd.,1,2025-10-25 18:31:29,2025-10-25 18:31:52,2025-10-25 16:30:04,2025-10-25,65,25,25.05014,121.59238,38,2025-10-25 10:32:51.141129,10,5,1,2025-10-25,0.38461538461538464
500111004,YouBike2.0_忠孝東路六段225巷口,南港區,2025-10-25 17:40:03,忠孝東路六段219號,Nangang Dist,YouBike2.0_Ln. 225， Sec. 6， Zhongxiao E. Rd Intersection,No. 219， Sec. 6， Zhongxiao E. Rd.,1,2025-10-25 18:31:29,2025-10-25 18:31:52,2025-10-25 17:40:03,2025-10-25,35,18,25.04919,121.58832,17,2025-10-25 10:32:51.141129,10,5,1,2025-10-25,0.5142857142857142
500111005,YouBike2.0_捷運後山埤站(1號出口),南港區,2025-10-25 17:10:03,中坡北路7號東側,Nangang Dist,YouBike2.0_MRT Houshanpi Sta (Exit 1),No. 7， Zhongpo N. Rd. (East),1,2025-10-25 18:31:29,2025-10-25 18:31:52,2025-10-25 17:10:03,2025-10-25,53,33,25.04437,121.58133,19,2025-10-25 10:32:51.141129,10,5,1,2025-10-25,0.6226415094339622
500111006,YouBike2.0_合樂公園,南港區,2025-10-25 17:50:02,玉成街46號東側,Nangang Dist,YouBike2.0_Hele Park,No. 46， Yucheng St. (East),1,2025-10-25 18:31:29,2025-10-25 18:31:52,2025-10-25 17:50:02,2025-10-25,15,8,25.04843,121.58154,7,2025-10-25 10:32:51.141129,10,5,1,2025-10-25,0.5333333333333333
500111007,YouBike2.0_合心廣場,南港區,2025-10-25 17:10:03,忠孝東路六段17號東北側,Nangang Dist,YouBike2.0_Hexing Square,No. 17， Sec. 6， Zhongxiao E. Rd. (Northeast),1,2025-10-25 18:31:29,2025-10-25 18:31:52,2025-10-25 17:10:03,2025-10-25,43,8,25.04608,121.58315,35,2025-10-25 10:32:51.141129,10,5,1,2025-10-25,0.18604651162790697
500111008,YouBike2.0_成德國中,南港區,2025-10-25 16:24:15,東新街118巷15號南側,Nangang Dist,YouBike2.0_Chengde Junior High School,No. 15， Ln. 118， Dongxin St. Southwest),1,2025-10-25 18:31:29,2025-10-25 18:31:52,2025-10-25 16:24:15,2025-10-25,44,1,25.04592,121.5882,43,2025-10-25 10:32:51.141129,10,5,1,2025-10-25,0.022727272727272728
500111009,YouBike2.0_玉成公園,南港區,2025-10-25 17:10:03,玉成街247號對側,Nangang Dist,YouBike2.0_Yucheng Park,No. 247， Yucheng St. (Opposite),1,2025-10-25 18:31:29,2025-10-25 18:31:52,2025-10-25 17:10:03,2025-10-25,36,17,25.04281,121.58613,19,2025-10-25 10:32:51.141129,10,5,1,2025-10-25,0.4722222222222222
500111010,YouBike2.0_研究院舊莊街口,南港區,2025-10-25 16:47:02,舊莊街一段1號西側,Nangang Dist,YouBike2.0_Academia Sinica (Jiuzhuang St. Intersection),No. 1， Sec. 1， Jiuzhuang St. (West),1,2025-10-25 18:31:29,2025-10-25 18:31:52,2025-10-25 16:47:02,2025-10-25,30,15,25.04239,121.61683,15,2025-10-25 10:32:51.141129,10,5,1,2025-10-25,0.5
500111011,YouBike2.0_中研院綜合體育館東側,南港區,2025-10-25 16:50:04,研究院路二段128號(體育館),Nangang Dist,YouBike2.0_Academia Sinica Gymnasium (East),No. 128， Sec. 2， Academia Rd. (Gymnasium),1,2025-10-25 18:31:29,2025-10-25 18:31:52,2025-10-25 16:50:04,2025-10-25,30,15,25.04054,121.61374,15,2025-10-25 10:32:51.141129,10,5,1,2025-10-25,0.5
500111012,YouBike2.0_國家生技園區,南港區,2025-10-25 11:54:03,研究院路一段130巷99號(國家生技園區),Nangang Dist,YouBike2.0_National Biotechnology Research Park,No. 128， Sec. 2， Academia Rd. (NBRP),1,2025-10-25 18:31:29,2025-10-25 18:31:52,2025-10-25 11:54:03,2025-10-25,38,8,25.04763,121.61145,29,2025-10-25 10:32:51.141129,10,5,1,2025-10-25,0.21052631578947367
500111013,YouBike2.0_捷運南港展覽館站(5號出口),南港區,2025-10-25 17:20:02,研究院路一段1號(5號出口),Nangang Dist,YouBike2.0_MRT Nangang Exhibition Center Sta. (Exit 5),No. 1， Sec. 1， Academia Rd. (Exit 5),1,2025-10-25 18:31:29,2025-10-25 18:31:52,2025-10-25 17:20:02,2025-10-25,73,22,25.05469,121.61669,51,2025-10-25 10:32:51.141129,10,5,1,2025-10-25,0.3013698630136986
500111014,YouBike2.0_中研公園,南港區,2025-10-25 17:40:03,研究院路二段12巷58弄9號西側,Nangang Dist,YouBike2.0_Academia Park,No. 9， Aly. 58， Ln. 12， Sec. 2， Academia Rd. (West),1,2025-10-25 18:31:29,2025-10-25 18:31:52,2025-10-25 17:40:03,2025-10-25,54,30,25.04697,121.61375,22,2025-10-25 10:32:51.141129,10,5,1,2025-10-25,0.5555555555555556
500111015,YouBike2.0_福山公園,南港區,2025-10-25 13:33:03,福山街44巷27號東南側,Nangang Dist,YouBike2.0_Fushan Park,No. 27， Ln. 44， Fushan St. (Southeast),1,2025-10-25 18:31:29,2025-10-25 18:31:52,2025-10-25 13:33:03,2025-10-25,55,26,25.04499,121.61775,28,2025-10-25 10:32:51.141129,10,5,1,2025-10-25,0.4727272727272727
500111016,YouBike2.0_舊莊區民活動中心,南港區,2025-10-25 18:30:03,舊莊街一段91巷11號西南側,Nangang Dist,YouBike2.0_Jiuzhuang Recreation Center,No. 11， Ln. 91， Sec. 1， Jiuzhuang St. Southwest),1,2025-10-25 18:31:29,2025-10-25 18:31:52,2025-10-25 18:30:03,2025-10-25,40,23,25.04139,121.6191,17,2025-10-25 10:32:51.141129,10,5,1,2025-10-25,0.575
500111017,YouBike2.0_凌雲市場,南港區,2025-10-25 17:30:03,研究院路三段68巷9號北側,Nangang Dist,YouBike2.0_Lingyun Market,No. 9， Ln. 68， Sec. 3， Academia Rd. (North),1,2025-10-25 18:31:29,2025-10-25 18:31:52,2025-10-25 17:30:03,2025-10-25,35,20,25.03564,121.61415,15,2025-10-25 10:32:51.141129,10,5,1,2025-10-25,0.5714285714285714
500111018,YouBike2.0_市民大道八段532號,南港區,2025-10-25 14:39:03,市民大道八段532號北側,Nangang Dist,YouBike2.0_No. 532， Sec. 8， Civic Blvd.,No. 532， Sec. 8， Civic Blvd. (North),1,2025-10-25 18:31:29,2025-10-25 18:31:52,2025-10-25 14:39:03,2025-10-25,30,8,25.054,121.61334,22,2025-10-25 10:32:51.141129,10,5,1,2025-10-25,0.26666666666666666
500111019,YouBike2.0_捷運南港軟體園區(2號出口),南港區,2025-10-25 14:44:02,經貿二路183號(2號出口),Nangang Dist,YouBike2.0_MRT Nangang Software Park Sta. (Exit 2),No. 183， Jingmao 2nd Rd. (Exit 2),1,2025-10-25 18:31:29,2025-10-25 18:31:52,2025-10-25 14:44:02,2025-10-25,70,10,25.05933,121.61677,59,2025-10-25 10:32:51.141129,10,5,1,2025-10-25,0.14285714285714285
500111020,YouBike2.0_南港國小,南港區,2025-10-25 01:26:01,惠民街67號東南側,Nangang Dist,YouBike2.0_Nangang Elementary School,No. 67， Huimin St. (Southeast),1,2025-10-25 18:31:29,2025-10-25 18:31:52,2025-10-25 01:26:01,2025-10-25,59,11,25.05668,121.61137,48,2025-10-25 10:32:51.141129,10,5,1,2025-10-25,0.1864406779661017
500111021,YouBike2.0_興中立體停車場(興中路),南港區,2025-10-25 15:48:01,興中路44巷1號東側,Nangang Dist,YouBike2.0_Xing Zhong Parking Lot (Xingzhong Rd.),No. 1， Ln. 44， Xingzhong Rd. (East),1,2025-10-25 18:31:29,2025-10-25 18:31:52,2025-10-25 15:48:01,2025-10-25,26,11,25.05629,121.607,15,2025-10-25 10:32:51.141129,10,5,1,2025-10-25,0.4230769230769231
500111022,YouBike2.0_臺北市立圖書館南港分館,南港區,2025-10-25 15:43:01,南港路一段350號,Nangang Dist,YouBike2.0_Taipei Public Library Nangang Branch,No. 350， Sec. 1， Nangang Rd.,1,2025-10-25 18:31:29,2025-10-25 18:31:52,2025-10-25 15:43:01,2025-10-25,40,23,25.05485,121.60866,14,2025-10-25 10:32:51.141129,10,5,1,2025-10-25,0.575
500111023,YouBike2.0_東陽公園,南港區,2025-10-25 18:30:03,重陽路125巷34號東側,Nangang Dist,YouBike2.0_Dongyang Park,No. 34， Ln. 125， Chongyang Rd. (East),1,2025-10-25 18:31:29,2025-10-25 18:31:52,2025-10-25 18:30:03,2025-10-25,56,30,25.05716,121.59792,25,2025-10-25 10:32:51.141129,10,5,1,2025-10-25,0.5357142857142857
500111024,YouBike2.0_向陽南港路口,南港區,2025-10-25 15:39:02,向陽路49號北側,Nangang Dist,YouBike2.0_Xiangyang Rd. & Nangang Rd. Intersection,No. 49， Xiangyang Rd. (North),1,2025-10-25 18:31:29,2025-10-25 18:31:52,2025-10-25 15:39:02,2025-10-25,44,32,25.05437,121.59423,10,2025-10-25 10:32:51.141129,10,5,1,2025-10-25,0.7272727272727273
500111025,YouBike2.0_南港車站(忠孝東路七段415巷),南港區,2025-10-25 00:42:02,忠孝東路七段510號西北側,Nangang Dist,YouBike2.0_Nangang Sta. (Ln. 415， Sec. 7， Zhongxiao E. Rd.),No. 510， Sec. 7， Zhongxiao E. Rd. (Northwest),1,2025-10-25 18:31:29,2025-10-25 18:31:52,2025-10-25 00:42:02,2025-10-25,11,5,25.05252,121.60922,6,2025-10-25 10:32:51.141129,10,5,1,2025-10-25,0.45454545454545453
500111026,YouBike2.0_捷運南港站(2號出口),南港區,2025-10-25 17:30:03,忠孝東路七段380號(2號出口),Nangang Dist,YouBike2.0_MRT Nangang Sta. (Exit 2),No. 380， Sec. 7， Zhongxiao E. Rd. (Exit 2),1,2025-10-25 18:31:29,2025-10-25 18:31:52,2025-10-25 17:30:03,2025-10-25,23,12,25.05201,121.60741,11,2025-10-25 10:32:51.141129,10,5,1,2025-10-25,0.5217391304347826
500111027,YouBike2.0_捷運南港站(1號出口),南港區,2025-10-25 16:30:04,忠孝東路七段380號(1號出口),Nangang Dist,YouBike2.0_MRT Nangang Sta. (Exit 1),No. 380， Sec. 7， Zhongxiao E. Rd. (Exit 1),1,2025-10-25 18:31:29,2025-10-25 18:31:52,2025-10-25 16:30:04,2025-10-25,20,9,25.05192,121.60642,10,2025-10-25 10:32:51.141129,10,5,1,2025-10-25,0.45
500111028,YouBike2.0_東新國小,南港區,2025-10-25 18:09:15,興南街25號對面,Nangang Dist,YouBike2.0_Dongxin Elementary School,No. 68， Dongming St. (North),1,2025-10-25 18:31:29,2025-10-25 18:31:52,2025-10-25 18:09:15,2025-10-25,29,8,25.05623,121.60194,20,2025-10-25 10:32:51.141129,10,5,1,2025-10-25,0.27586206896551724
500111029,YouBike2.0_中華科技大學,南港區,2025-10-25 14:20:03,研究院路三段246號東側,Nangang Dist,YouBike2.0_China University of Science and Technology,No. 246， Sec. 3， Yanjiuyuan Rd. (East),1,2025-10-25 18:31:29,2025-10-25 18:31:52,2025-10-25 14:20:03,2025-10-25,20,8,25.03392,121.60985,12,2025-10-25 10:32:51.141129,10,5,1,2025-10-25,0.4
500111030,YouBike2.0_六福公園,南港區,2025-10-25 15:01:03,研究院路二段35巷23弄25號北側,Nangang Dist,YouBike2.0_Liufu Park,No. 25， Aly. 23， Ln. 35， Sec. 2， Academia Rd. (North),1,2025-10-25 18:31:29,2025-10-25 18:31:52,2025-10-25 15:01:03,2025-10-25,19,8,25.04681,121.61703,10,2025-10-25 10:32:51.141129,10,5,1,2025-10-25,0.42105263157894735
500111031,YouBike2.0_南港加壓站,南港區,2025-10-25 15:01:03,研究院路二段3巷1號西側,Nangang Dist,YouBike2.0_Nangangjiaya Sta.,No. 1， Ln. 3， Sec. 2， Academia Rd. (West),1,2025-10-25 18:31:29,2025-10-25 18:31:52,2025-10-25 15:01:03,2025-10-25,24,10,25.04805,121.61594,12,2025-10-25 10:32:51.141129,10,5,1,2025-10-25,0.4166666666666667
500111032,YouBike2.0_臺北流行音樂中心(南港路),南港區,2025-10-25 16:40:02,南港路二段200-1號南側,Nangang Dist,YouBike2.0_Taipei Pop Music Center,No. 200-1， Sec. 2， Nangang Rd.(South),1,2025-10-25 18:31:29,2025-10-25 18:31:52,2025-10-25 16:40:02,2025-10-25,21,6,25.05343,121.59945,15,2025-10-25 10:32:51.141129,10,5,1,2025-10-25,0.2857142857142857
500111033,YouBike2.0_興南公園,南港區,2025-10-25 16:47:02,重陽路269號南側,Nangang Dist,YouBike2.0_Xingnan Park,No. 269， Chongyang Rd. (South),1,2025-10-25 18:31:29,2025-10-25 18:31:52,2025-10-25 16:47:02,2025-10-25,26,7,25.05766,121.60396,19,2025-10-25 10:32:51.141129,10,5,1,2025-10-25,0.2692307692307692
500111034,YouBike2.0_臺北流行音樂中心(市民大道),南港區,2025-10-25 17:40:03,市民大道八段99號,Nangang Dist,YouBike2.0_Taipei Pop Music Center (Civic Blvd),No. 99， Sec. 8， Civic Blvd.,1,2025-10-25 18:31:29,2025-10-25 18:31:52,2025-10-25 17:40:03,2025-10-25,32,25,25.05211,121.59839,7,2025-10-25 10:32:51.141129,10,5,1,2025-10-25,0.78125
500111035,YouBike2.0_南港車站(市民大道),南港區,2025-10-25 17:00:04,南港路一段313號(市民大道),Nangang Dist,YouBike2.0_Nangang Train Sta. (Civic Blvd),No. 313， Sec. 1， Nangang Rd.,1,2025-10-25 18:31:29,2025-10-25 18:31:52,2025-10-25 17:00:04,2025-10-25,30,21,25.05326,121.60656,9,2025-10-25 10:32:51.141129,10,5,1,2025-10-25,0.7
500111036,YouBike2.0_忠孝東路七段527巷口,南港區,2025-10-25 15:48:01,忠孝東路七段552號,Nangang Dist,YouBike2.0_Ln. 527， Sec. 7， Zhongxiao E Rd. Intersection,No. 552， Sec. 7， Zhongxiao E Rd.,1,2025-10-25 18:31:29,2025-10-25 18:31:52,2025-10-25 15:48:01,2025-10-25,26,21,25.05266,121.61275,4,2025-10-25 10:32:51.141129,10,5,1,2025-10-25,0.8076923076923077
500111037,YouBike2.0_南港軟體園區(新民街),南港區,2025-10-25 12:50:03,新民街15號北側,Nangang Dist,YouBike2.0_NKSP (Xinmin St),No. 15， Xinmin St. (North),1,2025-10-25 18:31:29,2025-10-25 18:31:52,2025-10-25 12:50:03,2025-10-25,25,16,25.05627,121.61369,9,2025-10-25 10:32:51.141129,10,5,1,2025-10-25,0.64
500111038,YouBike2.0_世貿公園,南港區,2025-10-25 16:30:04,經貿二路188-1號,Nangang Dist,YouBike2.0_World Trade Park,No. 188-1， Jingmao 2nd Rd.,1,2025-10-25 18:31:29,2025-10-25 18:31:52,2025-10-25 16:30:04,2025-10-25,51,11,25.05831,121.61422,40,2025-10-25 10:32:51.141129,10,5,1,2025-10-25,0.21568627450980393
500111039,YouBike2.0_凌雲五村(研究院路三段8巷),南港區,2025-10-25 15:10:03,研究院路三段10巷1號東側,Nangang Dist,YouBike2.0_Lingyun Village 5 (Ln. 8， Sec. 3， Yanjiuyuan Rd.),No. 1， Ln. 10， Sec. 3， Yanjiuyuan Rd. (East),1,2025-10-25 18:31:29,2025-10-25 18:31:52,2025-10-25 15:10:03,2025-10-25,26,14,25.03595,121.61688,11,2025-10-25 10:32:51.141129,10,5,1,2025-10-25,0.5384615384615384
500111040,YouBike2.0_新新公園(昆陽街60巷),南港區,2025-10-25 18:02:15,南港路三段47巷8號南側,Nangang Dist,YouBike2.0_Xinxin Park (Ln. 60， Kunyang St.),No. 8， Ln. 47， Sec. 3， Nangang Rd. (South),1,2025-10-25 18:31:29,2025-10-25 18:31:52,2025-10-25 18:02:15,2025-10-25,20,1,25.0521,121.59053,19,2025-10-25 10:32:51.141129,10,5,1,2025-10-25,0.05
500111041,YouBike2.0_南港高中(昆陽街),南港區,2025-10-25 17:30:03,昆陽街58號東側,Nangang Dist,YouBike2.0_Nangang Senior High School (Kunyang St.),No. 58， Kunyang St. (East),1,2025-10-25 18:31:29,2025-10-25 18:31:52,2025-10-25 17:30:03,2025-10-25,26,18,25.05285,121.59279,8,2025-10-25 10:32:51.141129,10,5,1,2025-10-25,0.6923076923076923
500111042,YouBike2.0_南港路三段290巷口,南港區,2025-10-25 15:52:01,南港路三段314巷20號,Nangang Dist,YouBike2.0_Ln. 290， Sec. 3， Nangang Rd. Intersection,No.20， Ln. 314， Sec. 3， Nangang Rd.,1,2025-10-25 18:31:29,2025-10-25 18:31:52,2025-10-25 15:52:01,2025-10-25,20,13,25.05234,121.58152,7,2025-10-25 10:32:51.141129,10,5,1,2025-10-25,0.65
500111043,YouBike2.0_南港路三段220巷口,南港區,2025-10-25 15:52:01,南港路三段133號,Nangang Dist,YouBike2.0_Ln. 220， Sec. 3， Nangang Rd. Intersection,No. 133， Sec. 3， Nangang Rd.,1,2025-10-25 18:31:29,2025-10-25 18:31:52,2025-10-25 15:52:01,2025-10-25,25,5,25.05289,121.58599,19,2025-10-25 10:32:51.141129,10,5,1,2025-10-25,0.2
500111044,YouBike2.0_南港東新街口,南港區,2025-10-25 11:10:03,東新街4號東側,Nangang Dist,YouBike2.0_Nangang Rd. & Dongxin St. Intersection,No. 4， Dongxin St. (East),1,2025-10-25 18:31:29,2025-10-25 18:31:52,2025-10-25 11:10:03,2025-10-25,28,20,25.05168,121.58284,8,2025-10-25 10:32:51.141129,10,5,1,2025-10-25,0.7142857142857143
500111045,YouBike2.0_八德中坡路口,南港區,2025-10-25 18:30:03,八德路四段873號,Nangang Dist,YouBike2.0_Bade Rd. & Zhongpo Rd. Intersection,No. 873， Sec. 4， Bade Rd.,1,2025-10-25 18:31:29,2025-10-25 18:31:52,2025-10-25 18:30:03,2025-10-25,40,18,25.05064,121.5803,21,2025-10-25 10:32:51.141129,10,5,1,2025-10-25,0.45
500111046,YouBike2.0_捷運後山埤站(3號出口),南港區,2025-10-25 18:30:03,玉成街150號,Nangang Dist,YouBike2.0_MRT Houshanpi Sta. (Exit 3),No. 150， Yucheng St.,1,2025-10-25 18:31:29,2025-10-25 18:31:52,2025-10-25 18:30:03,2025-10-25,18,5,25.04511,121.5836,13,2025-10-25 10:32:51.141129,10,5,1,2025-10-25,0.2777777777777778
500111047,YouBike2.0_玉成公園運動中心,南港區,2025-10-25 16:50:04,中坡南路19號,Nangang Dist,YouBike2.0_Yucheng Park Sports Center,-No. 19， Zhongpo S. Rd.,1,2025-10-25 18:31:29,2025-10-25 18:31:52,2025-10-25 16:50:04,2025-10-25,26,7,25.04193,121.58493,19,2025-10-25 10:32:51.141129,10,5,1,2025-10-25,0.2692307692307692
500111048,YouBike2.0_百福公園,南港區,2025-10-25 18:30:03,福德街309巷7號南側,Nangang Dist,YouBike2.0_Baifu Park,No. 7， Ln. 309， Fude St. (South),1,2025-10-25 18:31:29,2025-10-25 18:31:52,2025-10-25 18:30:03,2025-10-25,25,9,25.03884,121.58788,13,2025-10-25 10:32:51.141129,10,5,1,2025-10-25,0.36
500111049,YouBike2.0_南湖大橋(經貿二路255巷),南港區,2025-10-25 14:10:04,經貿二路255巷1號,Nangang Dist,YouBike2.0_Nanhu Bridge (Ln. 255， Jingmao 2nd Rd.),No. 1， Ln. 255， Jingmao 2nd Rd.,1,2025-10-25 18:31:29,2025-10-25 18:31:52,2025-10-25 14:10:04,2025-10-25,20,1,25.06148,121.61384,19,2025-10-25 10:32:51.141129,10,5,1,2025-10-25,0.05
500111050,YouBike2.0_園區重陽路口,南港區,2025-10-25 17:00:04,重陽路458號西側,Nangang Dist,YouBike2.0_Park St. & Chongyang Rd. Intersection,No. 458， Chongyang Rd.(West),1,2025-10-25 18:31:29,2025-10-25 18:31:52,2025-10-25 17:00:04,2025-10-25,21,12,25.05937,121.61072,9,2025-10-25 10:32:51.141129,10,5,1,2025-10-25,0.5714285714285714
500111051,YouBike2.0_南港車站B棟(市民大道),南港區,2025-10-25 17:30:03,忠孝東路七段359號(市民大道),Nangang Dist,YouBike2.0_Nangang Station Building B (Civic Blvd.),No. 359， Sec. 7， Zhongxiao E. Rd.,1,2025-10-25 18:31:29,2025-10-25 18:31:52,2025-10-25 17:30:03,2025-10-25,24,14,25.05293,121.60549,10,2025-10-25 10:32:51.141129,10,5,1,2025-10-25,0.5833333333333334
500111052,YouBike2.0_胡適公園,南港區,2025-10-25 00:49:04,研究院路二段/研究院路二段132巷北側,Nangang Dist,YouBike2.0_Dr.Hu Shih Park,No. 130， Sec. 2， Academia Rd. Intersection (East),1,2025-10-25 18:31:29,2025-10-25 18:31:52,2025-10-25 00:49:04,2025-10-25,25,16,25.04014,121.61766,9,2025-10-25 10:32:51.141129,10,5,1,2025-10-25,0.64
500111053,YouBike2.0_南港抽水站,南港區,2025-10-25 18:30:03,重陽路505號,Nangang Dist,YouBike2.0_Nangang Pumping Station,No. 505， Chongyang Rd.,1,2025-10-25 18:31:29,2025-10-25 18:31:52,2025-10-25 18:30:03,2025-10-25,20,13,25.06164,121.61267,7,2025-10-25 10:32:51.141129,10,5,1,2025-10-25,0.65
500111054,YouBike2.0_經貿公園,南港區,2025-10-25 17:00:04,經園街58號北側,Nangang Dist,YouBike2.0_Jingmao Park,No. 58， Jingyuan St. (North),1,2025-10-25 18:31:29,2025-10-25 18:31:52,2025-10-25 17:00:04,2025-10-25,20,4,25.06271,121.61597,16,2025-10-25 10:32:51.141129,10,5,1,2025-10-25,0.2
500111055,YouBike2.0_育成高中,南港區,2025-10-25 16:57:14,惠民街71號西側,Nangang Dist,YouBike2.0_Yu Cheng Senior High School,No. 71， Huimin St. (West),1,2025-10-25 18:31:29,2025-10-25 18:31:52,2025-10-25 16:57:14,2025-10-25,33,1,25.05853,121.60983,31,2025-10-25 10:32:51.141129,10,5,1,2025-10-25,0.030303030303030304
500111056,YouBike2.0_捷運南港展覽館站(7號出口),南港區,2025-10-25 15:30:02,富康街1巷16弄2號東側,Nangang Dist,YouBike2.0_MRT Nangang Exhibition Center Sta. (Exit 7),No. 2， Aly. 16， Ln. 1， Fukang St. (East),1,2025-10-25 18:31:29,2025-10-25 18:31:52,2025-10-25 15:30:02,2025-10-25,42,10,25.05436,121.6181,32,2025-10-25 10:32:51.141129,10,5,1,2025-10-25,0.23809523809523808
500111057,YouBike2.0_力行橋(南港),南港區,2025-10-25 17:00:04,研究院路一段101巷16弄2號南側,Nangang Dist,YouBike2.0_Lixing Bridge (Nangang),No. 2， Aly. 16， Ln. 101， Sec. 1， Academia Rd.,1,2025-10-25 18:31:29,2025-10-25 18:31:52,2025-10-25 17:00:04,2025-10-25,18,8,25.05172,121.61686,10,2025-10-25 10:32:51.141129,10,5,1,2025-10-25,0.4444444444444444
500111058,YouBike2.0_舊莊國小(舊莊街一段),南港區,2025-10-25 14:44:02,舊莊街一段/舊莊街一段145巷口,Nangang Dist,YouBike2.0_JiuZhuang Elementary School(Sec. 1， Jiuzong Rd.),Sec. 1， Jiuzong Rd. & Ln. 145， Sec. 1， Jiuzong Rd. Intersection,1,2025-10-25 18:31:29,2025-10-25 18:31:52,2025-10-25 14:44:02,2025-10-25,18,9,25.03987,121.62015,9,2025-10-25 10:32:51.141129,10,5,1,2025-10-25,0.5
500111059,YouBike2.0_向陽公園,南港區,2025-10-25 09:16:01,成功路一段76號對側,Nangang Dist,YouBike2.0_Siangyang Greens,No. 76， Sec. 1， Chenggong Rd. (Opposite),1,2025-10-25 18:31:29,2025-10-25 18:31:52,2025-10-25 09:16:01,2025-10-25,24,18,25.05705,121.59265,6,2025-10-25 10:32:51.141129,10,5,1,2025-10-25,0.75
500111060,YouBike2.0_小彎社會住宅,南港區,2025-10-25 17:40:03,向陽路258巷/重陽路39巷口(西南側),Nangang Dist,YouBike2.0_Xiaowan Social Housing,Ln. 258， Xiangyang Rd. & Ln. 39， Chongyang Rd. Intersection (Southwest),1,2025-10-25 18:31:29,2025-10-25 18:31:52,2025-10-25 17:40:03,2025-10-25,51,24,25.0582,121.59368,26,2025-10-25 10:32:51.141129,10,5,1,2025-10-25,0.47058823529411764
500111061,YouBike2.0_捷運南港展覽館站(6號出口),南港區,2025-10-25 14:10:04,南港路一段28號旁,Nangang Dist,YouBike2.0_MRT Nangang Exhibition Center Sta. (Exit 6),No. 28， Sec. 1， Nangang Rd.,1,2025-10-25 18:31:29,2025-10-25 18:31:52,2025-10-25 14:10:04,2025-10-25,25,11,25.05465,121.6185,13,2025-10-25 10:32:51.141129,10,5,1,2025-10-25,0.44
500111062,YouBike2.0_捷運南港展覽館站(4號出口),南港區,2025-10-25 14:10:04,南港路一段32號(4號出口),Nangang Dist,YouBike2.0_MRT Nangang Exhibition Center Sta. (Exit 4),No. 32， Sec. 1， Nangang Rd.,1,2025-10-25 18:31:29,2025-10-25 18:31:52,2025-10-25 14:10:04,2025-10-25,39,13,25.05535,121.61838,25,2025-10-25 10:32:51.141129,10,5,1,2025-10-25,0.3333333333333333
500111063,YouBike2.0_成德綠地,南港區,2025-10-25 17:50:02,東新街65號東南側,Nangang Dist,YouBike2.0_Chengde Greens,No. 65， Dongxin St. (Southeast),1,2025-10-25 18:31:29,2025-10-25 18:31:52,2025-10-25 17:50:02,2025-10-25,17,12,25.04675,121.58731,4,2025-10-25 10:32:51.141129,10,5,1,2025-10-25,0.7058823529411765
500111064,YouBike2.0_南港公園(東新街170巷),南港區,2025-10-25 16:34:18,東新街170巷63號對側,Nangang Dist,YouBike2.0_Nangang Park (Ln. 170， Dongxin St.),No. 63， Ln. 170， Dongxin St. (Opposite),1,2025-10-25 18:31:29,2025-10-25 18:31:52,2025-10-25 16:34:18,2025-10-25,16,4,25.04134,121.59323,12,2025-10-25 10:32:51.141129,10,5,1,2025-10-25,0.25
500111065,YouBike2.0_中坡市民路口(東北側),南港區,2025-10-25 18:30:03,中坡北路/市民大道七段路口(東北側),Nangang Dist,YouBike2.0_Zhongpo Rd. & Civic Blvd. Intersection (Northeast),Zhongpo N. Rd. & Sec. 7， Civic Blvd. Intersection (Northeast),1,2025-10-25 18:31:29,2025-10-25 18:31:52,2025-10-25 18:30:03,2025-10-25,27,17,25.04969,121.58028,10,2025-10-25 10:32:51.141129,10,5,1,2025-10-25,0.6296296296296297
500111066,YouBike2.0_昆陽公園,南港區,2025-10-25 11:00:03,昆陽街173號對側,Nangang Dist,YouBike2.0_Kunyang Park,No. 173， Kunyang St.,1,2025-10-25 18:31:29,2025-10-25 18:31:52,2025-10-25 11:00:03,2025-10-25,14,11,25.0483,121.59425,3,2025-10-25 10:32:51.141129,10,5,1,2025-10-25,0.7857142857142857
500111067,YouBike2.0_南港路二段178巷口,南港區,2025-10-25 16:10:03,南港路二段 / 南港路二段178巷口(北側),Nangang Dist,YouBike2.0_Ln. 178， Sec. 2， Nangang Rd.,Sec. 2， Nangang Rd. & Ln. 178， Sec. 2， Nangang Rd. Intersection (North),1,2025-10-25 18:31:29,2025-10-25 18:31:52,2025-10-25 16:10:03,2025-10-25,18,14,25.05368,121.59969,4,2025-10-25 10:32:51.141129,10,5,1,2025-10-25,0.7777777777777778
500111068,YouBike2.0_南港車站(忠孝東路),南港區,2025-10-25 11:27:02,忠孝東路七段/興中路(西北側),Nangang Dist,YouBike2.0_Nangang Train Sta. (Zhongxiao E. Rd.),Sec. 7， Zhongxiao E. Rd. & Ln. 415， Sec. 7， Zhongxiao E. Rd. Intersection,1,2025-10-25 18:31:29,2025-10-25 18:31:52,2025-10-25 11:27:02,2025-10-25,24,9,25.05225,121.60766,14,2025-10-25 10:32:51.141129,10,5,1,2025-10-25,0.375
500111069,YouBike2.0_南港車站(興華路),南港區,2025-10-25 17:00:04,興華路/市民大道八段路口西北側人行道,Nangang Dist,YouBike2.0_Nangang Train Sta. (Xinghua Rd.),Xinghua Rd. & Sec. 8， Civic Blvd. Intersection (Northwest),1,2025-10-25 18:31:29,2025-10-25 18:31:52,2025-10-25 17:00:04,2025-10-25,48,19,25.05343,121.60633,28,2025-10-25 10:32:51.141129,10,5,1,2025-10-25,0.3958333333333333
500111070,YouBike2.0_玉成公園(成福路178巷口),南港區,2025-10-25 17:30:17,成福路178巷8號對側,Nangang Dist,YouBike2.0_Yucheng Park (Ln. 178， Chengfu Rd.),No. 8， Ln. 178， Chengfu Rd. (Opposite),1,2025-10-25 18:31:29,2025-10-25 18:31:52,2025-10-25 17:30:17,2025-10-25,27,4,25.04177,121.58735,22,2025-10-25 10:32:51.141129,10,5,1,2025-10-25,0.14814814814814814
500111071,YouBike2.0_玉東公園(東新街),南港區,2025-10-25 18:31:15,東新街/市民大道七段(北側),Nangang Dist,YouBike2.0_Yudong Park (Dongxin St.),Dongxin St. & Sec. 7， Civic Blvd. Intersection (North),1,2025-10-25 18:31:29,2025-10-25 18:31:52,2025-10-25 18:31:15,2025-10-25,25,2,25.04998,121.58383,23,2025-10-25 10:32:51.141129,10,5,1,2025-10-25,0.08
500111072,YouBike2.0_南港出租國宅社區,南港區,2025-10-25 17:30:03,福德街373巷80號前,Nangang Dist,YouBike2.0_Nangang Community,No. 80， Ln. 373， Fude St.,1,2025-10-25 18:31:29,2025-10-25 18:31:52,2025-10-25 17:30:03,2025-10-25,25,8,25.03878,121.59302,16,2025-10-25 10:32:51.141129,10,5,1,2025-10-25,0.32
500111073,YouBike2.0_成福路197巷口,南港區,2025-10-25 17:38:16,成福路197巷/成福路,Nangang Dist,YouBike2.0_Ln. 197， Chengfu Rd.,Ln. 197， Chengfu Rd. & Chengfu Rd. Intersection,1,2025-10-25 18:31:29,2025-10-25 18:31:52,2025-10-25 17:38:16,2025-10-25,15,3,25.04066,121.58877,8,2025-10-25 10:32:51.141129,10,5,1,2025-10-25,0.2
500111074,YouBike2.0_南港疏散門(基三號疏散門),南港區,2025-10-25 16:40:02,松河街398號對側,Nangang Dist,YouBike2.0_Nangang Evacuating Gate,No. 398， Songhe St. (Opposite),1,2025-10-25 18:31:29,2025-10-25 18:31:52,2025-10-25 16:40:02,2025-10-25,24,13,25.05543,121.5892,11,2025-10-25 10:32:51.141129,10,5,1,2025-10-25,0.5416666666666666
500111075,YouBike2.0_成德立體停車場,南港區,2025-10-25 16:50:04,成福路/東新街80巷10弄,Nangang Dist,YouBike2.0_Cheng De Liti Parking,Chengfu Rd. & Aly. 10， Ln. 80， Dongxin St.,1,2025-10-25 18:31:29,2025-10-25 18:31:52,2025-10-25 16:50:04,2025-10-25,17,5,25.04557,121.58629,10,2025-10-25 10:32:51.141129,10,5,1,2025-10-25,0.29411764705882354
500111076,YouBike2.0_南港展覽館2館,南港區,2025-10-25 17:00:04,經貿二路/南港路一段(西北側),Nangang Dist,YouBike2.0_Taipei Nangang Exhibition Center Hall 2,Jingmao 2nd Rd. & Sec. 1， Nangang Rd. Intersection (Northwest),1,2025-10-25 18:31:29,2025-10-25 18:31:52,2025-10-25 17:00:04,2025-10-25,18,3,25.05545,121.61646,15,2025-10-25 10:32:51.141129,10,5,1,2025-10-25,0.16666666666666666
500111077,YouBike2.0_舊莊派出所,南港區,2025-10-25 11:06:01,舊莊街一段/舊莊街一段215巷,Nangang Dist,YouBike2.0_Jiuzhuang Police Station,Sec. 1， Jiuzhuang St. & Ln. 215， Sec. 1， Jiuzhuang St. Intersection,1,2025-10-25 18:31:29,2025-10-25 18:31:52,2025-10-25 11:06:01,2025-10-25,15,7,25.03827,121.62274,8,2025-10-25 10:32:51.141129,10,5,1,2025-10-25,0.4666666666666667
500111078,YouBike2.0_南港路三段80巷,南港區,2025-10-25 17:32:16,南港路三段/南港路三段80巷,Nangang Dist,YouBike2.0_Ln. 80， Sec. 3， Nangang Rd.,Sec. 3， Nangang Rd. & Ln. 80， Sec. 3， Nangang Rd. Intersection,1,2025-10-25 18:31:29,2025-10-25 18:31:52,2025-10-25 17:32:16,2025-10-25,15,14,25.05394,121.59124,1,2025-10-25 10:32:51.141129,10,5,1,2025-10-25,0.9333333333333333
500111079,YouBike2.0_捷運昆陽站(4號出口),南港區,2025-10-25 15:48:01,忠孝東路六段465號,Nangang Dist,YouBike2.0_MRT Kunyang Sta. (Exit 4),No. 465， Sec. 6， Zhongxiao E. Rd.,1,2025-10-25 18:31:29,2025-10-25 18:31:52,2025-10-25 15:48:01,2025-10-25,28,4,25.05066,121.59431,23,2025-10-25 10:32:51.141129,10,5,1,2025-10-25,0.14285714285714285
500111080,YouBike2.0_忠孝東路六段278巷口,南港區,2025-10-25 18:30:03,忠孝東路/忠孝東路六段278巷,Nangang Dist,YouBike2.0_Ln. 278， Sec. 6， Zhongxiao E. Rd.,Zhongxiao E. Rd. & Ln. 278， Sec. 6， Zhongxiao E. Rd. Intersection,1,2025-10-25 18:31:29,2025-10-25 18:31:52,2025-10-25 18:30:03,2025-10-25,14,9,25.04916,121.58906,5,2025-10-25 10:32:51.141129,10,5,1,2025-10-25,0.6428571428571429
500111081,YouBike2.0_中研院人文社會科學館,南港區,2025-10-25 10:40:01,研究院路二段128號(人文社會科學館),Nangang Dist,YouBike2.0_Humanities and Social Science Building,No. 128， Sec. 2， Academia Rd.,1,2025-10-25 18:31:29,2025-10-25 18:31:52,2025-10-25 10:40:01,2025-10-25,30,9,25.04126,121.6118,21,2025-10-25 10:32:51.141129,10,5,1,2025-10-25,0.3
500111082,YouBike2.0_南港路三段130巷口,南港區,2025-10-25 17:26:15,松河街380號對側,Nangang Dist,YouBike2.0_Ln. 130， Sec. 3， Nangang Rd.,No. 380， Songhe St. (Opposite),1,2025-10-25 18:31:29,2025-10-25 18:31:52,2025-10-25 17:26:15,2025-10-25,12,12,25.05457,121.58781,0,2025-10-25 10:32:51.141129,10,5,1,2025-10-25,1.0
500111083,YouBike2.0_南港路三段190巷口,南港區,2025-10-25 09:01:03,松河街358號對側,Nangang Dist,YouBike2.0_Ln. 190， Sec. 3， Nangang Rd.,No. 358， Songhe St. (Opposite),1,2025-10-25 18:31:29,2025-10-25 18:31:52,2025-10-25 09:01:03,2025-10-25,16,9,25.05381,121.58638,7,2025-10-25 10:32:51.141129,10,5,1,2025-10-25,0.5625
500111084,YouBike2.0_忠孝東路六段212巷口,南港區,2025-10-25 18:30:17,忠孝東路六段226號前,Nangang Dist,YouBike2.0_Ln. 212， Sec. 6， Zhongxiao E. Rd.,No. 226， Sec. 6， Zhongxiao E. Rd.,1,2025-10-25 18:31:29,2025-10-25 18:31:52,2025-10-25 18:30:17,2025-10-25,15,15,25.0488,121.58742,0,2025-10-25 10:32:51.141129,10,5,1,2025-10-25,1.0
500111085,YouBike2.0_新富公園,南港區,2025-10-25 18:30:03,富康街47巷2號對側,Nangang Dist,YouBike2.0_Xinfu Park,No. 2， Ln. 47， Fukang St. (Opposite),1,2025-10-25 18:31:29,2025-10-25 18:31:52,2025-10-25 18:30:03,2025-10-25,12,9,25.05296,121.61713,3,2025-10-25 10:32:51.141129,10,5,1,2025-10-25,0.75
500111086,YouBike2.0_東新街63巷口,南港區,2025-10-25 16:50:04,東新街/東新街63巷,Nangang Dist,YouBike2.0_Ln. 63， Dongxin St.,Dongxin St. & Ln. 63， Dongxin St. Intersection,1,2025-10-25 18:31:29,2025-10-25 18:31:52,2025-10-25 16:50:04,2025-10-25,15,7,25.04728,121.58605,7,2025-10-25 10:32:51.141129,10,5,1,2025-10-25,0.4666666666666667
500111087,YouBike2.0_中興公園,南港區,2025-10-25 13:30:03,研究院路二段70巷10弄/研究院路二段98巷,Nangang Dist,YouBike2.0_Zhongxing Park,Aly. 10， Ln. 70， Sec. 2， Academia Rd. & Ln. 98， Sec. 2， Academia Rd. Intersection,1,2025-10-25 18:31:29,2025-10-25 18:31:52,2025-10-25 13:30:03,2025-10-25,15,7,25.04487,121.61481,8,2025-10-25 10:32:51.141129,10,5,1,2025-10-25,0.4666666666666667
500111088,YouBike2.0_向陽市民大道路口(西北側),南港區,2025-10-25 16:40:02,向陽路/市民大道七段,Nangang Dist,YouBike2.0_XiangYang Rd. & Civic Blvd. Intersection (Northwest),XiangYang Rd. & Sec. 7， Civic Blvd. Intersection,1,2025-10-25 18:31:29,2025-10-25 18:31:52,2025-10-25 16:40:02,2025-10-25,29,17,25.05163,121.59535,10,2025-10-25 10:32:51.141129,10,5,1,2025-10-25,0.5862068965517241
500111089,YouBike2.0_向陽南港路口(西北側),南港區,2025-10-25 17:30:03,南港路二段312號,Nangang Dist,YouBike2.0_XiangYang Rd. & NanGang Rd. Intersection (Northwest),No. 312， Sec. 2， NanGang Rd.,1,2025-10-25 18:31:29,2025-10-25 18:31:52,2025-10-25 17:30:03,2025-10-25,26,7,25.05486,121.5944,19,2025-10-25 10:32:51.141129,10,5,1,2025-10-25,0.2692307692307692
500111090,YouBike2.0_研究院路一段151巷口,南港區,2025-10-25 00:19:03,研究院路1段151巷18號前,Nangang Dist,YouBike2.0_Ln. 151， Sec. 1， Academia Rd.,No. 18， Ln. 151， Sec. 1， Academia Rd.,1,2025-10-25 18:31:29,2025-10-25 18:31:52,2025-10-25 00:19:03,2025-10-25,14,7,25.04997,121.6162,6,2025-10-25 10:32:51.141129,10,5,1,2025-10-25,0.5
500111091,YouBike2.0_興中重陽路口,南港區,2025-10-25 06:43:03,興中路/重陽路,Nangang Dist,YouBike2.0_XingZhong Rd. & ChongYang Rd. Intersection,XingZhong Rd. & ChongYang Rd. Intersection,1,2025-10-25 18:31:29,2025-10-25 18:31:52,2025-10-25 06:43:03,2025-10-25,24,12,25.05801,121.60674,12,2025-10-25 10:32:51.141129,10,5,1,2025-10-25,0.5
500111092,YouBike2.0_中研院近代史研究所研究大樓,南港區,2025-10-23 11:39:03,中研院近代史研究所研究大樓,Nangang Dist,YouBike2.0_Institute of Modern History， Academia Sinica,Institute of Modern History， Academia Sinica,1,2025-10-25 18:31:29,2025-10-25 18:31:52,2025-10-23 11:39:03,2025-10-23,16,11,25.03999,121.61538,5,2025-10-25 10:32:51.141129,10,5,1,2025-10-25,0.6875
500111093,YouBike2.0_中研院人文社會科學研究中心,南港區,2025-10-25 16:47:02,中研院人文社會科學研究中心,Nangang Dist,YouBike2.0_Research Center for Humanities and Social Sciences,Research Center for Humanities and Social Sciences,1,2025-10-25 18:31:29,2025-10-25 18:31:52,2025-10-25 16:47:02,2025-10-25,16,3,25.04159,121.61532,13,2025-10-25 10:32:51.141129,10,5,1,2025-10-25,0.1875
500111094,YouBike2.0_中研院生態時代館,南港區,2025-10-25 00:20:04,中研院生態時代館,Nangang Dist,YouBike2.0_Academia Sinica Life Science Library,Academia Sinica Life Science Library,1,2025-10-25 18:31:29,2025-10-25 18:31:52,2025-10-25 00:20:04,2025-10-25,16,4,25.04287,121.61342,12,2025-10-25 10:32:51.141129,10,5,1,2025-10-25,0.25
500111095,YouBike2.0_玉成街(中坡北路50巷口),南港區,2025-10-25 16:20:04,玉成街66-9號前,Nangang Dist,YouBike2.0_YuCheng St. (Ln. 50， ZhongPo N. Rd.),No. 66-9， YuCheng St.,1,2025-10-25 18:31:29,2025-10-25 18:31:52,2025-10-25 16:20:04,2025-10-25,20,13,25.04691,121.58192,6,2025-10-25 10:32:51.141129,10,5,1,2025-10-25,0.65
500111096,YouBike2.0_東明公園,南港區,2025-10-25 18:30:03,南港路二段60巷16-19號,Nangang Dist,YouBike2.0_Dongming Park,No. 2， Ln. 245， Sec. 3， KangNing Rd. (Opposite),1,2025-10-25 18:31:29,2025-10-25 18:31:52,2025-10-25 18:30:03,2025-10-25,20,7,25.05469,121.60381,13,2025-10-25 10:32:51.141129,10,5,1,2025-10-25,0.35
500111097,YouBike2.0_捷運南港軟體園區站(1號出口),南港區,2025-10-25 17:30:03,經貿二路231號前,Nangang Dist,YouBike2.0_MRT Nangang Software Park Sta. (Exit 1),No. 231， JingMao 2nd Rd.,1,2025-10-25 18:31:29,2025-10-25 18:31:52,2025-10-25 17:30:03,2025-10-25,36,9,25.06043,121.61498,27,2025-10-25 10:32:51.141129,10,5,1,2025-10-25,0.25
500111098,YouBike2.0_南港花園社區A18,南港區,2025-10-25 16:47:02,福德街與福德街373巷口東南側,Nangang Dist,YouBike2.0_Nangang Garden Community A18,FuDe St. & Ln. 373， FuDe St. Intersection (Southeast),1,2025-10-25 18:31:29,2025-10-25 18:31:52,2025-10-25 16:47:02,2025-10-25,13,3,25.04015,121.59111,10,2025-10-25 10:32:51.141129,10,5,1,2025-10-25,0.23076923076923078
500111113,YouBike2.0_內湖機廠(港東街),南港區,2025-10-25 14:50:04,經貿一路77號(港東街),Nangang Dist,YouBike2.0_Taipei Metro Neihu Depot (Gangdong St.),No. 77， Jingmao 1st Rd. (Gangdong St.),1,2025-10-25 18:31:29,2025-10-25 18:31:52,2025-10-25 14:50:04,2025-10-25,20,2,25.058,121.62189,18,2025-10-25 10:32:51.141129,10,5,1,2025-10-25,0.1
500111114,YouBike2.0_市民昆陽街口,南港區,2025-10-25 17:50:02,市民大道七段/昆陽街東北側,Nangang Dist,YouBike2.0_Civic Blvd. & KunyAng St. Intersection,Sec. 7， Civic Blvd. & KunyAng St. Intersection (Northeast),1,2025-10-25 18:31:29,2025-10-25 18:31:52,2025-10-25 17:50:02,2025-10-25,30,23,25.05124,121.59361,7,2025-10-25 10:32:51.141129,10,5,1,2025-10-25,0.7666666666666667
500111115,YouBike2.0_南港機廠(北流),南港區,2025-10-24 03:49:02,北流側忠孝東路七段/南港機廠公車站,Nangang Dist,YouBike2.0_Nangang Depot Bus Station (Taipei Pop Music Center),Sec. 7， ZhongXiao E. Rd. (Nangang Depot Bus Station),1,2025-10-25 18:31:29,2025-10-25 18:31:52,2025-10-24 03:49:02,2025-10-24,20,6,25.05156,121.6014,14,2025-10-25 10:32:51.141129,10,5,1,2025-10-25,0.3
500111116,YouBike2.0_忠孝東路七段265巷,南港區,2025-10-25 08:00:02,忠孝東路七段265巷,Nangang Dist,YouBike2.0_Ln. 265， Sec. 7， Zhongxiao E. Rd.,Ln. 265， Sec. 7， Zhongxiao E. Rd.,1,2025-10-25 18:31:29,2025-10-25 18:31:52,2025-10-25 08:00:02,2025-10-25,40,27,25.05216,121.60338,9,2025-10-25 10:32:51.141129,10,5,1,2025-10-25,0.675
500111117,YouBike2.0_昆陽東新街口,南港區,2025-10-25 18:30:03,昆陽街177-179號(旁),Nangang Dist,YouBike2.0_KunYang St. & DongXin St. Intersection,No. 177-179， KunYang St.,1,2025-10-25 18:31:29,2025-10-25 18:31:52,2025-10-25 18:30:03,2025-10-25,24,15,25.04857,121.59401,9,2025-10-25 10:32:51.141129,10,5,1,2025-10-25,0.625
500111118,YouBike2.0_臺北市捷運局機電工程處,南港區,2025-10-25 06:56:02,經貿一路265號,Nangang Dist,YouBike2.0_Systemwide E&M Project Office， DORTS， TCG,No. 265， JingMao 1st Rd.,1,2025-10-25 18:31:29,2025-10-25 18:31:52,2025-10-25 06:56:02,2025-10-25,20,12,25.0614,121.61795,8,2025-10-25 10:32:51.141129,10,5,1,2025-10-25,0.6
500111119,YouBike2.0_經貿二路105巷口(經貿二路),南港區,2025-10-25 18:30:03,經貿二路131號南側,Nangang Dist,YouBike2.0_Ln. 105， JingMao 2nd Rd. (JingMao 2nd Rd.),No. 131， JingMao 2st Rd. (South),1,2025-10-25 18:31:29,2025-10-25 18:31:52,2025-10-25 18:30:03,2025-10-25,37,29,25.05791,121.61704,8,2025-10-25 10:32:51.141129,10,5,1,2025-10-25,0.7837837837837838
500111120,YouBike2.0_經貿二路105巷口(經貿一路),南港區,2025-10-25 17:52:15,經貿一路168號,Nangang Dist,YouBike2.0_Ln. 105， JingMao 2nd Rd. (JingMao 1st Rd.),No. 168， JingMao 1st Rd.,1,2025-10-25 18:31:29,2025-10-25 18:31:52,2025-10-25 17:52:15,2025-10-25,20,16,25.0586,121.61973,3,2025-10-25 10:32:51.141129,10,5,1,2025-10-25,0.8
500111121,YouBike2.0_經貿二路185巷,南港區,2025-10-24 15:54:02,經貿二路185巷56號東側,Nangang Dist,YouBike2.0_Ln. 185， JingMao 2nd Rd.,No. 56， Ln. 185， JingMao 2nd Rd. (East),1,2025-10-25 18:31:29,2025-10-25 18:31:52,2025-10-24 15:54:02,2025-10-24,21,14,25.06148,121.61698,7,2025-10-25 10:32:51.141129,10,5,1,2025-10-25,0.6666666666666666
500111122,YouBike2.0_國家生物模式中心,南港區,2025-10-24 08:32:02,研究院路一段130巷111號,Nangang Dist,YouBike2.0_National Center for Biomodels,No. 111， Ln. 130， Sec. 1， Academia Rd.,1,2025-10-25 18:31:29,2025-10-25 18:31:52,2025-10-24 08:32:02,2025-10-24,19,4,25.04637,121.60948,14,2025-10-25 10:32:51.141129,10,5,1,2025-10-25,0.21052631578947367
500111123,YouBike2.0_南港路三段106巷口(中華賓士),南港區,2025-10-25 11:37:03,南港路三段53號,Nangang Dist,YouBike2.0_Ln. 106， Sec. 3， NanGang Rd.,No. 53， Sec. 3， NanGang Rd.,1,2025-10-25 18:31:29,2025-10-25 18:31:52,2025-10-25 11:37:03,2025-10-25,23,18,25.05312,121.58928,5,2025-10-25 10:32:51.141129,10,5,1,2025-10-25,0.782608695652174
500111124,YouBike2.0_中坡松隆路口,南港區,2025-10-25 18:30:03,中坡北路108號,Nangang Dist,YouBike2.0_ZhongPo N. Rd. & SongLong Rd. Intersection,No. 108， ZhongPo N. Rd.,1,2025-10-25 18:31:29,2025-10-25 18:31:52,2025-10-25 18:30:03,2025-10-25,21,13,25.04865,121.58028,6,2025-10-25 10:32:51.141129,10,5,1,2025-10-25,0.6190476190476191
500111125,YouBike2.0_成功疏散門,南港區,2025-10-25 15:50:04,松河街480號(對面),Nangang Dist,YouBike2.0_ChengGong Evacuating Gate,No. 480， SongHe St.(Opposite),1,2025-10-25 18:31:29,2025-10-25 18:31:52,2025-10-25 15:50:04,2025-10-25,20,11,25.05898,121.59407,9,2025-10-25 10:32:51.141129,10,5,1,2025-10-25,0.55
500111126,YouBike2.0_環保局南港區清潔南港分隊,南港區,2025-10-25 14:30:02,松河街699號(旁),Nangang Dist,YouBike2.0_Department of Environmental Protection (NanGang),No. 699， SongHe St.,1,2025-10-25 18:31:29,2025-10-25 18:31:52,2025-10-25 14:30:02,2025-10-25,27,23,25.06088,121.61085,2,2025-10-25 10:32:51.141129,10,5,1,2025-10-25,0.8518518518518519
500111127,YouBike2.0_重陽公園(興南街),南港區,2025-10-25 11:38:02,興南街91號旁,Nangang Dist,YouBike2.0_Chongyang Park (XingNan St.),No. 91， XingNan St.,1,2025-10-25 18:31:29,2025-10-25 18:31:52,2025-10-25 11:38:02,2025-10-25,20,9,25.05557,121.59983,10,2025-10-25 10:32:51.141129,10,5,1,2025-10-25,0.45
500111128,YouBike2.0_生物技術開發中心,南港區,2025-10-24 16:42:02,研究院路一段130巷107號E棟,Nangang Dist,YouBike2.0_Development Center for Biotechnology,No. 107， Ln. 130， Sec. 1， Academia Rd.,1,2025-10-25 18:31:29,2025-10-25 18:31:52,2025-10-24 16:42:02,2025-10-24,21,7,25.04921,121.61025,14,2025-10-25 10:32:51.141129,10,5,1,2025-10-25,0.3333333333333333
500111129,YouBike2.0_南港車站C棟(市民大道),南港區,2025-10-25 15:37:02,忠孝東路七段369號(C棟市民大道側),Nangang Dist,YouBike2.0_Nangang Train Sta. C (Civic Blvd.),No. 369， Sec. 7， ZhongXiao E. Rd. (Civic Blvd.),1,2025-10-25 18:31:29,2025-10-25 18:31:52,2025-10-25 15:37:02,2025-10-25,24,21,25.0528,121.6045,2,2025-10-25 10:32:51.141129,10,5,1,2025-10-25,0.875
500112001,YouBike2.0_黎忠區民活動中心,信義區,2025-10-25 18:09:15,和平東路三段391巷16號,Xinyi Dist,YouBike2.0_Lizhong Community Center,No. 16， Ln. 391， Sec. 3， Heping E. Rd.,1,2025-10-25 18:31:29,2025-10-25 18:31:52,2025-10-25 18:09:15,2025-10-25,32,6,25.02035,121.55769,23,2025-10-25 10:32:51.141129,10,5,1,2025-10-25,0.1875
500112002,YouBike2.0_基隆路二段159巷口,信義區,2025-10-25 17:40:03,基隆路二段155號,Xinyi Dist,YouBike2.0_Ln. 159， Sec. 2， Keelung Rd. Intersection,No. 155， Sec. 2， Keelung Rd.,1,2025-10-25 18:31:29,2025-10-25 18:31:52,2025-10-25 17:40:03,2025-10-25,14,3,25.02561,121.55409,11,2025-10-25 10:32:51.141129,10,5,1,2025-10-25,0.21428571428571427
500112003,YouBike2.0_嘉興街175巷口,信義區,2025-10-25 17:50:02,基隆路二段131-4號(前),Xinyi Dist,YouBike2.0_Ln. 175， Jiaxing St Intersection.,No. 131-4， Sec. 2， Keelung Rd.,1,2025-10-25 18:31:29,2025-10-25 18:31:52,2025-10-25 17:50:02,2025-10-25,26,8,25.02811,121.55671,16,2025-10-25 10:32:51.141129,10,5,1,2025-10-25,0.3076923076923077
500112004,YouBike2.0_和平東路三段631巷口,信義區,2025-10-25 17:10:03,和平東路三段633號前,Xinyi Dist,YouBike2.0_Ln. 631， Sec. 3， Heping E. Rd Intersection,No. 633， Sec. 3， Heping E. Rd.,1,2025-10-25 18:31:29,2025-10-25 18:31:52,2025-10-25 17:10:03,2025-10-25,24,18,25.0132,121.56335,6,2025-10-25 10:32:51.141129,10,5,1,2025-10-25,0.75
500112005,YouBike2.0_和平東路三段530巷口,信義區,2025-10-25 16:10:03,和平東路三段530巷口東北側,Xinyi Dist,YouBike2.0_Ln. 530， Sec. 3， Heping E. Rd Intersection,Ln. 530， Sec. 3， Heping E. Rd Intersection (Northeast),1,2025-10-25 18:31:29,2025-10-25 18:31:52,2025-10-25 16:10:03,2025-10-25,25,20,25.01545,121.56134,5,2025-10-25 10:32:51.141129,10,5,1,2025-10-25,0.8
500112006,YouBike2.0_景勤二號公園,信義區,2025-10-25 17:10:03,信安街50號(對面),Xinyi Dist,YouBike2.0_Jingqin No. 2 Park,No. 50， Xin'an St. (Opposite),1,2025-10-25 18:31:29,2025-10-25 18:31:52,2025-10-25 17:10:03,2025-10-25,41,33,25.02698,121.55841,7,2025-10-25 10:32:51.141129,10,5,1,2025-10-25,0.8048780487804879
500112007,YouBike2.0_臺北醫學大學,信義區,2025-10-25 17:10:03,台北醫學大學(吳興街220巷59弄),Xinyi Dist,YouBike2.0_Taipei Medical University,Taipei Medical University (Aly. 59， Ln. 220， Wuxing St),1,2025-10-25 18:31:29,2025-10-25 18:31:52,2025-10-25 17:10:03,2025-10-25,64,18,25.02668,121.56175,45,2025-10-25 10:32:51.141129,10,5,1,2025-10-25,0.28125
500112008,YouBike2.0_三興公園,信義區,2025-10-25 18:30:03,吳興街118巷35弄28號前方(三興公園),Xinyi Dist,YouBike2.0_Sanxing Park,No. 28， Aly. 35， Ln. 118， Wuxing St. (Sanxing Park),1,2025-10-25 18:31:29,2025-10-25 18:31:52,2025-10-25 18:30:03,2025-10-25,47,34,25.02868,121.55932,11,2025-10-25 10:32:51.141129,10,5,1,2025-10-25,0.723404255319149
500112009,YouBike2.0_松德站,信義區,2025-10-25 17:00:04,松德路300號南側,Xinyi Dist,YouBike2.0_Songde Sta.,No. 300， Songde Rd. (South),1,2025-10-25 18:31:29,2025-10-25 18:31:52,2025-10-25 17:00:04,2025-10-25,69,12,25.03162,121.57396,56,2025-10-25 10:32:51.141129,10,5,1,2025-10-25,0.17391304347826086
500112010,YouBike2.0_捷運象山站(2號出口),信義區,2025-10-25 17:50:02,信義路五段128號東側,Xinyi Dist,YouBike2.0_MRT Xiangshan Sta. (Exit 2),No. 128， Sec. 5， Xinyi Rd. (East),1,2025-10-25 18:31:29,2025-10-25 18:31:52,2025-10-25 17:50:02,2025-10-25,41,24,25.03222,121.56974,16,2025-10-25 10:32:51.141129,10,5,1,2025-10-25,0.5853658536585366
500112011,YouBike2.0_象山公園,信義區,2025-10-25 17:10:03,松仁路153巷15號東側,Xinyi Dist,YouBike2.0_Xiangshan Park,No. 15， Ln. 153， Songren Rd. (East),1,2025-10-25 18:31:29,2025-10-25 18:31:52,2025-10-25 17:10:03,2025-10-25,48,14,25.02863,121.56981,34,2025-10-25 10:32:51.141129,10,5,1,2025-10-25,0.2916666666666667
500112012,YouBike2.0_松仁路253巷3弄,信義區,2025-10-25 18:30:03,松仁路215巷6號,Xinyi Dist,YouBike2.0_Aly. 3， Ln. 253， Songren Rd,No. 6， Ln. 215， Songren Rd.,1,2025-10-25 18:31:29,2025-10-25 18:31:52,2025-10-25 18:30:03,2025-10-25,25,4,25.02678,121.56884,15,2025-10-25 10:32:51.141129,10,5,1,2025-10-25,0.16
500112013,YouBike2.0_興雅國中,信義區,2025-10-25 18:30:03,松仁路101號東側,Xinyi Dist,YouBike2.0_Xingya Junior High School,No. 101， Songren Rd. (East),1,2025-10-25 18:31:29,2025-10-25 18:31:52,2025-10-25 18:30:03,2025-10-25,18,11,25.03616,121.56983,7,2025-10-25 10:32:51.141129,10,5,1,2025-10-25,0.6111111111111112
500112014,YouBike2.0_捷運象山站(1號出口),信義區,2025-10-25 17:37:15,信義路5段152號(1號出口),Xinyi Dist,YouBike2.0_MRT Xiangshan Sta. (Exit 1),No. 152， Sec. 5， Xinyi Rd. (Exit 1),1,2025-10-25 18:31:29,2025-10-25 18:31:52,2025-10-25 17:37:15,2025-10-25,24,1,25.03295,121.56867,22,2025-10-25 10:32:51.141129,10,5,1,2025-10-25,0.041666666666666664
500112015,YouBike2.0_松德路200巷,信義區,2025-10-25 18:30:03,松德路200巷53號北側,Xinyi Dist,YouBike2.0_Ln. 200， Songde Rd,No. 53， Ln. 200， Songde Rd. (North),1,2025-10-25 18:31:29,2025-10-25 18:31:52,2025-10-25 18:30:03,2025-10-25,57,15,25.03471,121.57301,42,2025-10-25 10:32:51.141129,10,5,1,2025-10-25,0.2631578947368421
500112016,YouBike2.0_中全公園,信義區,2025-10-25 18:30:03,虎林街164巷54號北側,Xinyi Dist,YouBike2.0_Zhongquan Park,No. 54， Ln. 164， Hulin St. (North),1,2025-10-25 18:31:29,2025-10-25 18:31:52,2025-10-25 18:30:03,2025-10-25,34,10,25.0382,121.57495,24,2025-10-25 10:32:51.141129,10,5,1,2025-10-25,0.29411764705882354
500112017,YouBike2.0_台北市災害應變中心,信義區,2025-10-25 17:50:02,莊敬路391巷11弄2號(東北側),Xinyi Dist,YouBike2.0_Taipei Emergency Operation Center,No. 2， Aly. 11， Ln. 391， Zhuangjing Rd. (Northeast),1,2025-10-25 18:31:29,2025-10-25 18:31:52,2025-10-25 17:50:02,2025-10-25,53,44,25.02868,121.56672,7,2025-10-25 10:32:51.141129,10,5,1,2025-10-25,0.8301886792452831
500112018,YouBike2.0_信義運動中心,信義區,2025-10-25 17:40:03,松勤街100號(前),Xinyi Dist,YouBike2.0_Taipei Xinyi Sports Center,No. 100， Songqin St.,1,2025-10-25 18:31:29,2025-10-25 18:31:52,2025-10-25 17:40:03,2025-10-25,35,26,25.03189,121.56678,7,2025-10-25 10:32:51.141129,10,5,1,2025-10-25,0.7428571428571429
500112019,YouBike2.0_捷運台北101/世貿站(3號出口),信義區,2025-10-25 17:50:02,信義路五段16號前,Xinyi Dist,YouBike2.0_MRT Taipei 101/World Trade Center Sta. (Exit 3),No. 16， Sec. 5， Xinyi Rd.,1,2025-10-25 18:31:29,2025-10-25 18:31:52,2025-10-25 17:50:02,2025-10-25,15,7,25.03275,121.56337,6,2025-10-25 10:32:51.141129,10,5,1,2025-10-25,0.4666666666666667
500112020,YouBike2.0_景新公園,信義區,2025-10-25 17:00:04,莊敬路239巷12號(對面),Xinyi Dist,YouBike2.0_Jingxin Park,No. 12， Ln. 239， Zhuangjing Rd. (Opposite),1,2025-10-25 18:31:29,2025-10-25 18:31:52,2025-10-25 17:00:04,2025-10-25,17,7,25.03003,121.56287,8,2025-10-25 10:32:51.141129,10,5,1,2025-10-25,0.4117647058823529
500112022,YouBike2.0_三張犁,信義區,2025-10-25 17:30:03,光復南路455號前方,Xinyi Dist,YouBike2.0_Sanzhangli,No. 455， Guangfu S. Rd.,1,2025-10-25 18:31:29,2025-10-25 18:31:52,2025-10-25 17:30:03,2025-10-25,56,26,25.03452,121.5576,29,2025-10-25 10:32:51.141129,10,5,1,2025-10-25,0.4642857142857143
500112023,YouBike2.0_仁愛路四段496巷口,信義區,2025-10-25 17:37:15,仁愛路四段與仁愛路四段496巷口西南側,Xinyi Dist,YouBike2.0_Ln. 496， Sec. 4， Ren'ai Rd Intersection,Sec. 4， Ren'ai Rd & Ln. 496， Sec. 4， Ren'ai Rd Intersection.(Southwest),1,2025-10-25 18:31:29,2025-10-25 18:31:52,2025-10-25 17:37:15,2025-10-25,34,29,25.03745,121.5602,2,2025-10-25 10:32:51.141129,10,5,1,2025-10-25,0.8529411764705882
500112024,YouBike2.0_松山工農,信義區,2025-10-25 18:30:03,忠孝東路五段236巷15號(前),Xinyi Dist,YouBike2.0_Songshan High School of Agriculture and Industry,No. 15， Ln. 236， Sec. 5， Zhongxiao E. Rd.,1,2025-10-25 18:31:29,2025-10-25 18:31:52,2025-10-25 18:30:03,2025-10-25,34,12,25.03961,121.57199,22,2025-10-25 10:32:51.141129,10,5,1,2025-10-25,0.35294117647058826
500112025,YouBike2.0_松友公園,信義區,2025-10-25 18:30:03,信義路六段76巷2弄22號(對面),Xinyi Dist,YouBike2.0_Songyou Park,No. 22， Aly. 2， Ln. 76， Sec. 6， Xinyi Rd. (Opposite),1,2025-10-25 18:31:29,2025-10-25 18:31:52,2025-10-25 18:30:03,2025-10-25,39,13,25.03423,121.57636,24,2025-10-25 10:32:51.141129,10,5,1,2025-10-25,0.3333333333333333
500112026,YouBike2.0_林口公園,信義區,2025-10-25 16:30:04,林口街82號(對面),Xinyi Dist,YouBike2.0_Linkou Park,No. 82， Linkou St. (Opposite),1,2025-10-25 18:31:29,2025-10-25 18:31:52,2025-10-25 16:30:04,2025-10-25,51,23,25.03894,121.57915,28,2025-10-25 10:32:51.141129,10,5,1,2025-10-25,0.45098039215686275
500112027,YouBike2.0_松山家商,信義區,2025-10-25 17:30:03,松山路655號(前),Xinyi Dist,YouBike2.0_Songshan High School of Commerce and Home Economics,No. 655， Songshan Rd.,1,2025-10-25 18:31:29,2025-10-25 18:31:52,2025-10-25 17:30:03,2025-10-25,40,17,25.0347,121.58018,23,2025-10-25 10:32:51.141129,10,5,1,2025-10-25,0.425
500112028,YouBike2.0_永春陂濕地公園,信義區,2025-10-25 17:00:04,松山路721號(對面),Xinyi Dist,YouBike2.0_Yong Chun Pi Wetland Park,No. 721， Songshan Rd. (Opposite),1,2025-10-25 18:31:29,2025-10-25 18:31:52,2025-10-25 17:00:04,2025-10-25,40,20,25.03301,121.58096,20,2025-10-25 10:32:51.141129,10,5,1,2025-10-25,0.5
500112029,YouBike2.0_臺北市政府,信義區,2025-10-25 17:16:19,台北市政府東門(松智路),Xinyi Dist,YouBike2.0_Taipei City Hall,Taipei City Hall East Gate. (Songzhi Rd),1,2025-10-25 18:31:29,2025-10-25 18:31:52,2025-10-25 17:16:19,2025-10-25,63,59,25.03801,121.56541,2,2025-10-25 10:32:51.141129,10,5,1,2025-10-25,0.9365079365079365
500112030,YouBike2.0_松智松壽路口,信義區,2025-10-25 18:30:03,松智路/松壽路(西北側),Xinyi Dist,YouBike2.0_Songzhi Rd & Songshou Rd Intersection,Songzhi Rd & Songshou Rd Intersection. (Northwest),1,2025-10-25 18:31:29,2025-10-25 18:31:52,2025-10-25 18:30:03,2025-10-25,39,15,25.03607,121.56535,24,2025-10-25 10:32:51.141129,10,5,1,2025-10-25,0.38461538461538464
500112031,YouBike2.0_市府松壽路口,信義區,2025-10-25 18:30:03,市府路/松壽路(東北側),Xinyi Dist,YouBike2.0_Shifu Rd & Songshou Rd Intersection,Shifu Rd & Songshou Rd Intersection. (Northeast),1,2025-10-25 18:31:29,2025-10-25 18:31:52,2025-10-25 18:30:03,2025-10-25,28,3,25.03627,121.56383,25,2025-10-25 10:32:51.141129,10,5,1,2025-10-25,0.10714285714285714
500112032,YouBike2.0_市府松高路口,信義區,2025-10-25 17:20:02,市府路/松高路(東南側),Xinyi Dist,YouBike2.0_Shifu Rd & Songgao Rd Intersection,Shifu Rd & Songgao Rd Intersection. (Southeast),1,2025-10-25 18:31:29,2025-10-25 18:31:52,2025-10-25 17:20:02,2025-10-25,54,40,25.03899,121.56369,10,2025-10-25 10:32:51.141129,10,5,1,2025-10-25,0.7407407407407407
500112033,YouBike2.0_市民廣場,信義區,2025-10-25 17:20:02,市府路/松壽路(西北側),Xinyi Dist,YouBike2.0_City Hall Square,Shifu Rd & Songshou Rd Intersection. (Northwest),1,2025-10-25 18:31:29,2025-10-25 18:31:52,2025-10-25 17:20:02,2025-10-25,44,42,25.03599,121.56218,2,2025-10-25 10:32:51.141129,10,5,1,2025-10-25,0.9545454545454546
500112035,YouBike2.0_信義廣場(台北101),信義區,2025-10-25 16:47:02,松智路/信義路(東北側),Xinyi Dist,YouBike2.0_Xinyi Plaza (Taipei 101),Songzhi Rd & Xinyi Rd Intersection. (Northeast),1,2025-10-25 18:31:29,2025-10-25 18:31:52,2025-10-25 16:47:02,2025-10-25,90,33,25.03306,121.5662,57,2025-10-25 10:32:51.141129,10,5,1,2025-10-25,0.36666666666666664
500112036,YouBike2.0_捷運台北101/世貿站(5號出口),信義區,2025-10-25 18:30:03,市府路/信義路(西北側),Xinyi Dist,YouBike2.0_MRT Taipei 101/World Trade Center Sta. (Exit 5),Shifu Rd & Xinyi Rd Intersection. (Northwest),1,2025-10-25 18:31:29,2025-10-25 18:31:52,2025-10-25 18:30:03,2025-10-25,21,1,25.03338,121.56333,20,2025-10-25 10:32:51.141129,10,5,1,2025-10-25,0.047619047619047616
500112037,YouBike2.0_春光公園,信義區,2025-10-25 18:10:18,林口街230號(斜對面),Xinyi Dist,YouBike2.0_Chunguang Park,No. 230， Linkou St. (Opposite),1,2025-10-25 18:31:29,2025-10-25 18:31:52,2025-10-25 18:10:18,2025-10-25,41,39,25.0427,121.58112,2,2025-10-25 10:32:51.141129,10,5,1,2025-10-25,0.9512195121951219
500112038,YouBike2.0_松仁路121巷口,信義區,2025-10-25 17:41:15,松仁路123號北側,Xinyi Dist,YouBike2.0_Ln. 121， Songren Rd Intersection,No. 123， Songren Rd. (North),1,2025-10-25 18:31:29,2025-10-25 18:31:52,2025-10-25 17:41:15,2025-10-25,31,30,25.03476,121.56865,1,2025-10-25 10:32:51.141129,10,5,1,2025-10-25,0.967741935483871
500112039,YouBike2.0_福德國小,信義區,2025-10-25 17:10:03,福德街251巷2號對側,Xinyi Dist,YouBike2.0_Fude Elementary School,No. 2， Ln. 251， Fude St. (Opposite),1,2025-10-25 18:31:29,2025-10-25 18:31:52,2025-10-25 17:10:03,2025-10-25,42,10,25.03846,121.58618,31,2025-10-25 10:32:51.141129,10,5,1,2025-10-25,0.23809523809523808
500112040,YouBike2.0_福德公園,信義區,2025-10-25 17:20:02,大道路與大道路145巷口,Xinyi Dist,YouBike2.0_Fude Park,No. 135， Dadao Rd. (Opposite),1,2025-10-25 18:31:29,2025-10-25 18:31:52,2025-10-25 17:20:02,2025-10-25,35,4,25.03841,121.58355,31,2025-10-25 10:32:51.141129,10,5,1,2025-10-25,0.11428571428571428
500112042,YouBike2.0_松高路(信義新天地A4館),信義區,2025-10-25 18:10:18,松高路19號,Xinyi Dist,YouBike2.0_Songgao Rd. (Xinyi Place A4),No. 19， Songgao Rd.,1,2025-10-25 18:31:29,2025-10-25 18:31:52,2025-10-25 18:10:18,2025-10-25,17,16,25.03918,121.56654,1,2025-10-25 10:32:51.141129,10,5,1,2025-10-25,0.9411764705882353
500112043,YouBike2.0_興雅松仁路口,信義區,2025-10-25 18:18:16,松仁路28號北側,Xinyi Dist,YouBike2.0_Xingya Rd. & Songren Rd. Intersection,No. 28， Songren Rd. (North),1,2025-10-25 18:31:29,2025-10-25 18:31:52,2025-10-25 18:18:16,2025-10-25,65,43,25.0401,121.56822,19,2025-10-25 10:32:51.141129,10,5,1,2025-10-25,0.6615384615384615
500112044,YouBike2.0_福祥公園,信義區,2025-10-25 18:04:15,松隆路99號西南側,Xinyi Dist,YouBike2.0_Fuxiang Park (Aly. 11， Ln. 127， Yongji Rd.),No. 99， Songlong Rd. (Southwest),1,2025-10-25 18:31:29,2025-10-25 18:31:52,2025-10-25 18:04:15,2025-10-25,26,3,25.04626,121.57045,20,2025-10-25 10:32:51.141129,10,5,1,2025-10-25,0.11538461538461539
500112045,YouBike2.0_吳興公車總站,信義區,2025-10-25 17:40:03,松仁路277號南側,Xinyi Dist,YouBike2.0_Bus Wuxing Sta.,No. 277， Songren Rd. (South),1,2025-10-25 18:31:29,2025-10-25 18:31:52,2025-10-25 17:40:03,2025-10-25,56,39,25.02388,121.56984,16,2025-10-25 10:32:51.141129,10,5,1,2025-10-25,0.6964285714285714
500112046,YouBike2.0_泰和公園,信義區,2025-10-25 17:30:03,吳興街600巷81號西側,Xinyi Dist,YouBike2.0_Taihe Park,No. 81， Ln. 600， Wuxing St. (West),1,2025-10-25 18:31:29,2025-10-25 18:31:52,2025-10-25 17:30:03,2025-10-25,40,16,25.0193,121.57105,24,2025-10-25 10:32:51.141129,10,5,1,2025-10-25,0.4
500112047,YouBike2.0_興雅國小(基隆路一段37巷),信義區,2025-10-25 15:50:04,基隆路一段83巷9號西側,Xinyi Dist,YouBike2.0_Xingya Elementary School (Ln. 37， Sec. 1， Jilong Rd.),No. 9， Ln. 83， Sec. 1， Jilong Rd. (West),1,2025-10-25 18:31:29,2025-10-25 18:31:52,2025-10-25 15:50:04,2025-10-25,27,4,25.04773,121.56895,23,2025-10-25 10:32:51.141129,10,5,1,2025-10-25,0.14814814814814814
500112048,YouBike2.0_雅祥公園(松信路50巷口),信義區,2025-10-25 18:31:15,松信路61號西側,Xinyi Dist,YouBike2.0_Yaxiang Park (Ln. 50， Songxin Rd.),No. 61， Songxin Rd. (West),1,2025-10-25 18:31:29,2025-10-25 18:31:52,2025-10-25 18:31:15,2025-10-25,12,0,25.04732,121.57211,12,2025-10-25 10:32:51.141129,10,5,1,2025-10-25,0.0
500112049,YouBike2.0_松山車站,信義區,2025-10-25 18:30:03,松山路11號南側,Xinyi Dist,YouBike2.0_Songshan Sta.,No. 11， Songshan Rd. (South),1,2025-10-25 18:31:29,2025-10-25 18:31:52,2025-10-25 18:30:03,2025-10-25,70,13,25.0489,121.57841,57,2025-10-25 10:32:51.141129,10,5,1,2025-10-25,0.18571428571428572
500112050,YouBike2.0_五常公園,信義區,2025-10-25 18:30:03,松隆路161號對側,Xinyi Dist,YouBike2.0_Wuchang Park,No. 161， Songlong Rd.,1,2025-10-25 18:31:29,2025-10-25 18:31:52,2025-10-25 18:30:03,2025-10-25,37,12,25.04797,121.57432,25,2025-10-25 10:32:51.141129,10,5,1,2025-10-25,0.32432432432432434
500112051,YouBike2.0_永吉松信路口,信義區,2025-10-25 18:30:03,松信路/永吉路西南側人行道,Xinyi Dist,YouBike2.0_Yongji Rd. & Songxin Rd. Intersection,Songxin Rd./Yongji Rd. (Southwest),1,2025-10-25 18:31:29,2025-10-25 18:31:52,2025-10-25 18:30:03,2025-10-25,35,8,25.04548,121.57207,27,2025-10-25 10:32:51.141129,10,5,1,2025-10-25,0.22857142857142856
500112052,YouBike2.0_三興國小,信義區,2025-10-25 17:30:03,基隆路二段99-1號(前),Xinyi Dist,YouBike2.0_Sanxing Elementary School,No. 99-1， Sec. 2， Keelung Rd.,1,2025-10-25 18:31:29,2025-10-25 18:31:52,2025-10-25 17:30:03,2025-10-25,26,4,25.02969,121.55766,20,2025-10-25 10:32:51.141129,10,5,1,2025-10-25,0.15384615384615385
500112053,YouBike2.0_市民松信路口,信義區,2025-10-25 16:50:04,市民大道六段/松信路口(西側),Xinyi Dist,YouBike2.0_Civic Blvd. & Songxin Rd. Intersection,Sec. 6， Civic Blvd. & Songxin Rd. Intersection (West),1,2025-10-25 18:31:29,2025-10-25 18:31:52,2025-10-25 16:50:04,2025-10-25,20,6,25.04927,121.57205,14,2025-10-25 10:32:51.141129,10,5,1,2025-10-25,0.3
500112054,YouBike2.0_松山高中,信義區,2025-10-25 18:30:03,忠孝東路四段599巷36號對側,Xinyi Dist,YouBike2.0_Songshan Senior High School,No. 36， Ln. 599， Sec. 4， Zhongxiao E. Rd. (Opposite),1,2025-10-25 18:31:29,2025-10-25 18:31:52,2025-10-25 18:30:03,2025-10-25,42,36,25.0433,121.5638,5,2025-10-25 10:32:51.141129,10,5,1,2025-10-25,0.8571428571428571
500112055,YouBike2.0_基隆光復路口,信義區,2025-10-25 18:30:03,基隆路二段/光復南路(東北側),Xinyi Dist,YouBike2.0_Keelung Rd. & Guangfu Rd. Intersection,Sec. 2， Keelung Rd. & Guangfu S. Rd. Intersection (Northeast),1,2025-10-25 18:31:29,2025-10-25 18:31:52,2025-10-25 18:30:03,2025-10-25,31,15,25.03005,121.55764,15,2025-10-25 10:32:51.141129,10,5,1,2025-10-25,0.4838709677419355
500112056,YouBike2.0_基隆忠孝路口西南側,信義區,2025-10-25 17:38:16,忠孝東路四段550號,Xinyi Dist,YouBike2.0_Keelung Rd. & Zhongxiao Rd. Intersection (Southwest),No. 550， Sec. 4， Zhongxiao E. Rd.,1,2025-10-25 18:31:29,2025-10-25 18:31:52,2025-10-25 17:38:16,2025-10-25,21,19,25.04108,121.5629,2,2025-10-25 10:32:51.141129,10,5,1,2025-10-25,0.9047619047619048
500112057,YouBike2.0_泰和里民活動中心,信義區,2025-10-25 16:20:04,松仁路308巷60號,Xinyi Dist,YouBike2.0_Taihe Activity Center,No. 60， Ln. 308， Songren Rd.,1,2025-10-25 18:31:29,2025-10-25 18:31:52,2025-10-25 16:20:04,2025-10-25,25,8,25.0213,121.57027,14,2025-10-25 10:32:51.141129,10,5,1,2025-10-25,0.32
500112059,YouBike2.0_虎林永吉路口,信義區,2025-10-25 17:30:03,永吉路356號東側,Xinyi Dist,YouBike2.0_Hulin St. & Yongji Rd. Intersection,No. 356， Yongji Rd. (East),1,2025-10-25 18:31:29,2025-10-25 18:31:52,2025-10-25 17:30:03,2025-10-25,21,4,25.04519,121.57712,13,2025-10-25 10:32:51.141129,10,5,1,2025-10-25,0.19047619047619047
500112060,YouBike2.0_永吉公園,信義區,2025-10-25 17:40:03,永吉路326巷66號西側,Xinyi Dist,YouBike2.0_Yongji Park,No. 66， Ln. 326， Yongji Rd. (West),1,2025-10-25 18:31:29,2025-10-25 18:31:52,2025-10-25 17:40:03,2025-10-25,25,10,25.04345,121.57539,7,2025-10-25 10:32:51.141129,10,5,1,2025-10-25,0.4
500112061,YouBike2.0_永吉路321巷口,信義區,2025-10-25 17:40:03,永吉路323號西側,Xinyi Dist,YouBike2.0_Ln. 321， Yongji Rd. Intersection,No. 323， Yongji Rd. (West),1,2025-10-25 18:31:29,2025-10-25 18:31:52,2025-10-25 17:40:03,2025-10-25,19,11,25.04561,121.57549,3,2025-10-25 10:32:51.141129,10,5,1,2025-10-25,0.5789473684210527
500112062,YouBike2.0_松山永吉路口,信義區,2025-10-25 17:50:02,松山路166號,Xinyi Dist,YouBike2.0_Songshan Rd. & Yongji Rd. Intersection,No. 166， Songshan Rd,1,2025-10-25 18:31:29,2025-10-25 18:31:52,2025-10-25 17:50:02,2025-10-25,20,18,25.04623,121.57772,1,2025-10-25 10:32:51.141129,10,5,1,2025-10-25,0.9
500112063,YouBike2.0_松山路292巷口,信義區,2025-10-25 18:30:03,松山路279號,Xinyi Dist,YouBike2.0_Ln. 292， Songshan Rd. Intersection,No. 279， Songshan Rd,1,2025-10-25 18:31:29,2025-10-25 18:31:52,2025-10-25 18:30:03,2025-10-25,20,11,25.0432,121.57789,7,2025-10-25 10:32:51.141129,10,5,1,2025-10-25,0.55
500112064,YouBike2.0_捷運象山站(3號出口),信義區,2025-10-25 17:40:03,信義路五段/信義路五段91巷口(西北側),Xinyi Dist,YouBike2.0_MRT Xiangshan Sta.(Exit.3),Sec. 5， Sinyi Rd. & Ln. 91， Sec. 5， Sinyi Rd. Intersection (Northwest),1,2025-10-25 18:31:29,2025-10-25 18:31:52,2025-10-25 17:40:03,2025-10-25,63,14,25.03295,121.5712,49,2025-10-25 10:32:51.141129,10,5,1,2025-10-25,0.2222222222222222
500112065,YouBike2.0_松德公園,信義區,2025-10-25 17:30:03,松德路168巷20號前,Xinyi Dist,YouBike2.0_Songde Park,No. 20， Ln. 168， Songde Rd.,1,2025-10-25 18:31:29,2025-10-25 18:31:52,2025-10-25 17:30:03,2025-10-25,40,11,25.03657,121.57349,29,2025-10-25 10:32:51.141129,10,5,1,2025-10-25,0.275
500112066,YouBike2.0_世貿三館,信義區,2025-10-25 17:20:02,市府路/松壽路口東南側,Xinyi Dist,YouBike2.0_TWTC Exhibition Hall 3,Shihfu Rd. & Songshou Rd. Intersection (Southeast),1,2025-10-25 18:31:29,2025-10-25 18:31:52,2025-10-25 17:20:02,2025-10-25,54,41,25.03511,121.56369,13,2025-10-25 10:32:51.141129,10,5,1,2025-10-25,0.7592592592592593
500112067,YouBike2.0_松德虎林街口,信義區,2025-10-25 17:30:03,松德路79號前,Xinyi Dist,YouBike2.0_Songde Rd. & Hulin St. Intersection,No. 79， Songde Rd.,1,2025-10-25 18:31:29,2025-10-25 18:31:52,2025-10-25 17:30:03,2025-10-25,30,7,25.0383,121.5762,22,2025-10-25 10:32:51.141129,10,5,1,2025-10-25,0.23333333333333334
500112068,YouBike2.0_富台公園,信義區,2025-10-25 18:30:03,松信路209號旁,Xinyi Dist,YouBike2.0_Futai Park,No. 209， Songsin Rd.,1,2025-10-25 18:31:29,2025-10-25 18:31:52,2025-10-25 18:30:03,2025-10-25,32,17,25.04185,121.57204,15,2025-10-25 10:32:51.141129,10,5,1,2025-10-25,0.53125
500112069,YouBike2.0_基隆路一段101巷口,信義區,2025-10-25 18:30:03,基隆路一段109-6號前,Xinyi Dist,YouBike2.0_Ln. 101， Sec. 1，Keelung Rd. Intersection,No. 109-6， Sec. 1， Keelung Rd.,1,2025-10-25 18:31:29,2025-10-25 18:31:52,2025-10-25 18:30:03,2025-10-25,32,15,25.04516,121.56702,16,2025-10-25 10:32:51.141129,10,5,1,2025-10-25,0.46875
500112070,YouBike2.0_捷運永春站(2號出口),信義區,2025-10-25 18:30:03,虎林街132巷44號西側,Xinyi Dist,YouBike2.0_MRT Yongchun Sta.(Exit.2),No. 44， Ln. 132， Hulin St. (West),1,2025-10-25 18:31:29,2025-10-25 18:31:52,2025-10-25 18:30:03,2025-10-25,30,26,25.0405,121.57538,4,2025-10-25 10:32:51.141129,10,5,1,2025-10-25,0.8666666666666667
500112071,YouBike2.0_吳興街260巷,信義區,2025-10-25 17:30:03,吳興街260巷/吳興街260巷21弄口(東南側),Xinyi Dist,YouBike2.0_Ln. 260， Wuxing St. Intersection,Ln. 260， Wuxing St. & Aly. 21， Ln. 260， Wuxing St. Intersection (Southeast),1,2025-10-25 18:31:29,2025-10-25 18:31:52,2025-10-25 17:30:03,2025-10-25,32,1,25.02606,121.5631,28,2025-10-25 10:32:51.141129,10,5,1,2025-10-25,0.03125
500112072,YouBike2.0_松山家商(林口街),信義區,2025-10-25 16:50:04,林口街/福德街口(東南側),Xinyi Dist,YouBike2.0_Songshan Vocational High School (Linkou St.),Linkou St.， Xinyi Dist. & Fude St. Intersection (Southeast),1,2025-10-25 18:31:29,2025-10-25 18:31:52,2025-10-25 16:50:04,2025-10-25,47,22,25.03593,121.57906,25,2025-10-25 10:32:51.141129,10,5,1,2025-10-25,0.46808510638297873
500112073,YouBike2.0_仁愛逸仙路口,信義區,2025-10-25 17:50:02,仁愛路四段/逸仙路口(西北側),Xinyi Dist,YouBike2.0_Ren'ai Rd. & Yisian Rd. Intersection,Sec. 4， Ren'ai Rd. & Yisian Rd. Intersection (Northwest),1,2025-10-25 18:31:29,2025-10-25 18:31:52,2025-10-25 17:50:02,2025-10-25,38,24,25.03771,121.56124,13,2025-10-25 10:32:51.141129,10,5,1,2025-10-25,0.631578947368421
500112075,YouBike2.0_信義基隆路口,信義區,2025-10-25 17:40:03,信義路四段393號前,Xinyi Dist,YouBike2.0_Xinyi & Keelung Intersection,No. 393， Sec. 4， Sinyi Rd.,1,2025-10-25 18:31:29,2025-10-25 18:31:52,2025-10-25 17:40:03,2025-10-25,26,6,25.03321,121.55873,20,2025-10-25 10:32:51.141129,10,5,1,2025-10-25,0.23076923076923078
500112076,YouBike2.0_捷運台北101/世貿站(2號出口),信義區,2025-10-25 17:40:03,捷運台北101/世貿站(2號出口)(西側),Xinyi Dist,YouBike2.0_MRT Taipei 101 / World Trade Center Sta.(Exit.2),MRT Taipei 101 & World Trade Center Sta. (Exit.2) (West),1,2025-10-25 18:31:29,2025-10-25 18:31:52,2025-10-25 17:40:03,2025-10-25,52,46,25.0327,121.56157,6,2025-10-25 10:32:51.141129,10,5,1,2025-10-25,0.8846153846153846
500112078,YouBike2.0_吳興街284巷36弄口,信義區,2025-10-25 16:00:02,吳興街284巷36弄24號西側,Xinyi Dist,YouBike2.0_Aly. 36， Ln. 284， Wuxing St.,No. 24， Aly. 36， Ln. 284， Wuxing St. (West),1,2025-10-25 18:31:29,2025-10-25 18:31:52,2025-10-25 16:00:02,2025-10-25,25,5,25.02236,121.56268,15,2025-10-25 10:32:51.141129,10,5,1,2025-10-25,0.2
500112079,YouBike2.0_協和祐德高級中學,信義區,2025-10-25 17:30:03,中坡南路51號對側,Xinyi Dist,YouBike2.0_Xiehe Youde High School,No. 51， Zhongpo S. Rd. (Opposite),1,2025-10-25 18:31:29,2025-10-25 18:31:52,2025-10-25 17:30:03,2025-10-25,20,9,25.0426,121.58381,11,2025-10-25 10:32:51.141129,10,5,1,2025-10-25,0.45
500112080,YouBike2.0_福德國小公車站,信義區,2025-10-25 18:30:03,福德街308號對側,Xinyi Dist,YouBike2.0_Fude Elementary School  Bus Station,No. 308， Fude St. (Opposite),1,2025-10-25 18:31:29,2025-10-25 18:31:52,2025-10-25 18:30:03,2025-10-25,27,9,25.03929,121.58755,18,2025-10-25 10:32:51.141129,10,5,1,2025-10-25,0.3333333333333333
500112081,YouBike2.0_松仁路95巷口,信義區,2025-10-25 17:55:20,松仁路/松仁路95巷(東南側),Xinyi Dist,YouBike2.0_Ln. 95， Songren Rd.,Songren Rd. & Ln. 95， Songren Rd. Intersection (Southeast),1,2025-10-25 18:31:29,2025-10-25 18:31:52,2025-10-25 17:55:20,2025-10-25,60,59,25.03656,121.56866,1,2025-10-25 10:32:51.141129,10,5,1,2025-10-25,0.9833333333333333
500112082,YouBike2.0_臺北南山廣場_1,信義區,2025-10-25 17:30:03,松智路/松廉路(東北側),Xinyi Dist,YouBike2.0_Nan Shan Plaza,Songzhi Rd. & Songlian Rd. Intersection (Northeast),1,2025-10-25 18:31:29,2025-10-25 18:31:52,2025-10-25 17:30:03,2025-10-25,68,41,25.03404,121.56598,25,2025-10-25 10:32:51.141129,10,5,1,2025-10-25,0.6029411764705882
500112083,YouBike2.0_景聯廣場,信義區,2025-10-25 18:30:03,松勤街8號對側,Xinyi Dist,YouBike2.0_Jinglian Plaza,No. 8， Songqin St. (Opposite),1,2025-10-25 18:31:29,2025-10-25 18:31:52,2025-10-25 18:30:03,2025-10-25,23,16,25.03214,121.55974,7,2025-10-25 10:32:51.141129,10,5,1,2025-10-25,0.6956521739130435
500112084,YouBike2.0_景平公園,信義區,2025-10-25 18:20:04,松平路50巷15號對側,Xinyi Dist,YouBike2.0_Jingping Park,No. 15， Ln. 50， Songping Rd. (Opposite),1,2025-10-25 18:31:29,2025-10-25 18:31:52,2025-10-25 18:20:04,2025-10-25,41,22,25.02976,121.5642,18,2025-10-25 10:32:51.141129,10,5,1,2025-10-25,0.5365853658536586
500112085,YouBike2.0_捷運市政府站(3號出口),信義區,2025-10-25 18:30:03,忠孝東路/松仁路(東南側),Xinyi Dist,YouBike2.0_MRT Taipei City Hall Sta. (Exit 3),Zhongxiao E. Rd. & Songren Rd. Intersection (Southeast),1,2025-10-25 18:31:29,2025-10-25 18:31:52,2025-10-25 18:30:03,2025-10-25,92,83,25.04084,121.56789,6,2025-10-25 10:32:51.141129,10,5,1,2025-10-25,0.9021739130434783
500112086,YouBike2.0_五分埔公園,信義區,2025-10-25 16:47:02,中坡北路57號旁,Xinyi Dist,YouBike2.0_Wufenpu Park,No. 57， Zhongpo N. Rd.,1,2025-10-25 18:31:29,2025-10-25 18:31:52,2025-10-25 16:47:02,2025-10-25,20,4,25.04719,121.58058,16,2025-10-25 10:32:51.141129,10,5,1,2025-10-25,0.2
500112087,YouBike2.0_松仁路305號,信義區,2025-10-25 18:30:03,松仁路/吳興街583巷3弄,Xinyi Dist,YouBike2.0_No. 305， Songren Rd.,Songren Rd. & Aly. 3， Ln. 583， Wuxing St. Intersection,1,2025-10-25 18:31:29,2025-10-25 18:31:52,2025-10-25 18:30:03,2025-10-25,21,8,25.02306,121.57036,12,2025-10-25 10:32:51.141129,10,5,1,2025-10-25,0.38095238095238093
500112088,YouBike2.0_吳興街394巷口,信義區,2025-10-25 17:30:03,吳興街394巷/吳興街,Xinyi Dist,YouBike2.0_Ln.394， Wuxing St.,Ln. 394， Wuxing St. & Wuxing St. Intersection,1,2025-10-25 18:31:29,2025-10-25 18:31:52,2025-10-25 17:30:03,2025-10-25,12,10,25.02474,121.56741,2,2025-10-25 10:32:51.141129,10,5,1,2025-10-25,0.8333333333333334
500112089,YouBike2.0_忠孝東路五段215巷口,信義區,2025-10-25 16:00:02,忠孝東路五段/忠孝東路五段215巷,Xinyi Dist,YouBike2.0_Ln. 215， Sec. 5， Zhongxiao E. Rd.,Sec. 5， Zhongxiao E. Rd. & Ln. 215， Sec. 5， Zhongxiao E. Rd. Intersection,1,2025-10-25 18:31:29,2025-10-25 18:31:52,2025-10-25 16:00:02,2025-10-25,24,20,25.0409,121.5705,3,2025-10-25 10:32:51.141129,10,5,1,2025-10-25,0.8333333333333334
500112090,YouBike2.0_松勤莊敬路口,信義區,2025-10-25 18:27:17,松勤街/莊敬路,Xinyi Dist,YouBike2.0_Songqin St. & Zhuangjing Rd. Intersection,Songqin St. & Zhuangjing Rd. Intersection,1,2025-10-25 18:31:29,2025-10-25 18:31:52,2025-10-25 18:27:17,2025-10-25,15,15,25.03203,121.5615,0,2025-10-25 10:32:51.141129,10,5,1,2025-10-25,1.0
500112091,YouBike2.0_松仁松平路口,信義區,2025-10-25 17:50:02,松仁路/松平路,Xinyi Dist,YouBike2.0_Songren Rd & Songping Rd. Intersection,Songren Rd & Songping Rd. Intersection,1,2025-10-25 18:31:29,2025-10-25 18:31:52,2025-10-25 17:50:02,2025-10-25,10,4,25.03047,121.56838,6,2025-10-25 10:32:51.141129,10,5,1,2025-10-25,0.4
500112092,YouBike2.0_信義松德路口,信義區,2025-10-25 18:30:03,信義路五段180號前,Xinyi Dist,YouBike2.0_Xinyi Rd. & Songde Rd. Intersection,No. 180， Sec. 5， Xinyi Rd.,1,2025-10-25 18:31:29,2025-10-25 18:31:52,2025-10-25 18:30:03,2025-10-25,23,12,25.03322,121.57433,11,2025-10-25 10:32:51.141129,10,5,1,2025-10-25,0.5217391304347826
500112093,YouBike2.0_捷運市政府站(4號出口),信義區,2025-10-25 18:28:16,忠孝東路五段71巷/忠孝東路五段31巷18弄,Xinyi Dist,YouBike2.0_MRT Taipei City Hall Sta. (Exit 4),Ln. 71， Sec. 5， Zhongxiao E. Rd. & Aly. 18， Ln. 31， Sec. 5， Zhongxiao E. Rd. Intersection,1,2025-10-25 18:31:29,2025-10-25 18:31:52,2025-10-25 18:28:16,2025-10-25,14,12,25.04146,121.56731,2,2025-10-25 10:32:51.141129,10,5,1,2025-10-25,0.8571428571428571
500112094,YouBike2.0_吳興街284巷(廣安宮),信義區,2025-10-25 18:30:03,吳興街284巷23號對側,Xinyi Dist,YouBike2.0_Ln. 284， Wuxing St. (Guangan Shrine),No. 23， Ln. 284， Wuxing St. (Opposite),1,2025-10-25 18:31:29,2025-10-25 18:31:52,2025-10-25 18:30:03,2025-10-25,15,5,25.02326,121.56329,8,2025-10-25 10:32:51.141129,10,5,1,2025-10-25,0.3333333333333333
500112095,YouBike2.0_景勤二號公園(西南側),信義區,2025-10-25 16:50:04,信安街67巷/信安街口東南側,Xinyi Dist,YouBike2.0_Jingqin No.2 Park (Southwest),Ln. 67， Xin'an St. & Xin'an St. Intersection (Southeast),1,2025-10-25 18:31:29,2025-10-25 18:31:52,2025-10-25 16:50:04,2025-10-25,22,7,25.02605,121.5577,15,2025-10-25 10:32:51.141129,10,5,1,2025-10-25,0.3181818181818182
500112096,YouBike2.0_克勤新村,信義區,2025-10-25 17:50:02,信安街67巷75號對側,Xinyi Dist,YouBike2.0_Keqin New Village,No. 75， Ln. 67， Xin'an St. (Opposite),1,2025-10-25 18:31:29,2025-10-25 18:31:52,2025-10-25 17:50:02,2025-10-25,40,24,25.02589,121.56073,14,2025-10-25 10:32:51.141129,10,5,1,2025-10-25,0.6
500112097,YouBike2.0_和平東路三段291號,信義區,2025-10-25 18:24:16,和平東路三段291號前,Xinyi Dist,YouBike2.0_No. 291， Sec. 3， Heping E. Rd.,No. 291， Sec. 3， Heping E. Rd.,1,2025-10-25 18:31:29,2025-10-25 18:31:52,2025-10-25 18:24:16,2025-10-25,20,1,25.02186,121.55532,17,2025-10-25 10:32:51.141129,10,5,1,2025-10-25,0.05
500112098,YouBike2.0_永吉路468巷口,信義區,2025-10-25 16:47:02,永吉路478號前,Xinyi Dist,YouBike2.0_Ln. 468， Yongji Rd.,No. 478， Yongji Rd.,1,2025-10-25 18:31:29,2025-10-25 18:31:52,2025-10-25 16:47:02,2025-10-25,13,3,25.04533,121.57915,7,2025-10-25 10:32:51.141129,10,5,1,2025-10-25,0.23076923076923078
500112099,YouBike2.0_廣慈博愛園區(西側),信義區,2025-10-25 18:30:03,福德街84巷15號對側,Xinyi Dist,YouBike2.0_Guangci Social Housing (Zone D),No. 15， Ln. 84， Fude St. (Opposite),1,2025-10-25 18:31:29,2025-10-25 18:31:52,2025-10-25 18:30:03,2025-10-25,23,8,25.03866,121.58082,15,2025-10-25 10:32:51.141129,10,5,1,2025-10-25,0.34782608695652173
500112100,YouBike2.0_和平東路三段341巷口,信義區,2025-10-25 15:40:02,和平東路三段341巷63號對側,Xinyi Dist,YouBike2.0_Ln. 341， Sec. 3， Heping E. Rd.,No. 63， Ln. 341， Sec. 3， Heping E. Rd. (Opposite),1,2025-10-25 18:31:29,2025-10-25 18:31:52,2025-10-25 15:40:02,2025-10-25,22,8,25.02188,121.55891,14,2025-10-25 10:32:51.141129,10,5,1,2025-10-25,0.36363636363636365
500112101,YouBike2.0_革新公園,信義區,2025-10-25 17:54:15,松隆路36號對側,Xinyi Dist,YouBike2.0_Gexin Park,No. 36， Songlong Rd. (Opposite),1,2025-10-25 18:31:29,2025-10-25 18:31:52,2025-10-25 17:54:15,2025-10-25,18,14,25.04367,121.56741,4,2025-10-25 10:32:51.141129,10,5,1,2025-10-25,0.7777777777777778
500112102,YouBike2.0_黎雙公園,信義區,2025-10-25 18:15:30,信安街103巷/吳興街284巷22弄,Xinyi Dist,YouBike2.0_Lishuang Park,Ln. 103， Xin'an St. & Aly. 22， Ln. 284， Wuxing St. Intersection,1,2025-10-25 18:31:29,2025-10-25 18:31:52,2025-10-25 18:15:30,2025-10-25,17,0,25.0246,121.56028,16,2025-10-25 10:32:51.141129,10,5,1,2025-10-25,0.0
500112103,YouBike2.0_臺北文化體育園區辦公大樓,信義區,2025-10-25 17:34:18,忠孝東路四段545號,Xinyi Dist,YouBike2.0_Taipei Cultural & Sports Park,No. 545， Sec. 4， Zhongxiao E. Rd.,1,2025-10-25 18:31:29,2025-10-25 18:31:52,2025-10-25 17:34:18,2025-10-25,33,28,25.04144,121.56126,5,2025-10-25 10:32:51.141129,10,5,1,2025-10-25,0.8484848484848485
500112104,YouBike2.0_捷運國父紀念館站(5號出口),信義區,2025-10-25 17:10:03,光復南路200號對側,Xinyi Dist,YouBike2.0_MRT S.Y.S Memorial Hall Sta. (Exit 5),No. 200， Guangfu S. Rd. (Opposite),1,2025-10-25 18:31:29,2025-10-25 18:31:52,2025-10-25 17:10:03,2025-10-25,23,19,25.04206,121.55792,1,2025-10-25 10:32:51.141129,10,5,1,2025-10-25,0.8260869565217391
500112105,YouBike2.0_光復南菸廠路口,信義區,2025-10-25 17:53:16,光復南路76號對側,Xinyi Dist,YouBike2.0_Guangfu S. Rd. & Yanchang Rd. Intersection,No. 76， Guangfu S. Rd. (Opposite),1,2025-10-25 18:31:29,2025-10-25 18:31:52,2025-10-25 17:53:16,2025-10-25,25,24,25.04482,121.55795,1,2025-10-25 10:32:51.141129,10,5,1,2025-10-25,0.96
500112106,YouBike2.0_中坡北永吉路口,信義區,2025-10-25 15:37:02,中坡北路35號前,Xinyi Dist,YouBike2.0_Zhongpo N. Rd. & Yongji Rd. Intersection,No. 35， Zhongpo N. Rd.,1,2025-10-25 18:31:29,2025-10-25 18:31:52,2025-10-25 15:37:02,2025-10-25,15,11,25.04557,121.58059,4,2025-10-25 10:32:51.141129,10,5,1,2025-10-25,0.7333333333333333
500112107,YouBike2.0_松仁路281巷66弄,信義區,2025-10-25 15:48:01,松仁路281巷66弄14號,Xinyi Dist,YouBike2.0_Aly. 66， Ln. 281， SongRen Rd.,No. 14， Aly. 66， Ln. 281， Songren Rd.,1,2025-10-25 18:31:29,2025-10-25 18:31:52,2025-10-25 15:48:01,2025-10-25,20,5,25.02261,121.57178,14,2025-10-25 10:32:51.141129,10,5,1,2025-10-25,0.25
500112108,YouBike2.0_基隆市民路口,信義區,2025-10-25 15:43:01,基隆路一段3號前方橋下空間,Xinyi Dist,YouBike2.0_KeeLung Rd. & Civic Blvd. Intersection,No. 3， Sec. 1， KeeLung Rd.,1,2025-10-25 18:31:29,2025-10-25 18:31:52,2025-10-25 15:43:01,2025-10-25,26,16,25.04892,121.56906,10,2025-10-25 10:32:51.141129,10,5,1,2025-10-25,0.6153846153846154
500112109,YouBike2.0_松仁路253巷4弄口,信義區,2025-10-25 18:30:03,松仁路253巷4弄1號前,Xinyi Dist,YouBike2.0_Aly. 4， Ln. 253， SongRen Rd.,No. 1， Aly. 4， Ln. 253， Songren Rd.,1,2025-10-25 18:31:29,2025-10-25 18:31:52,2025-10-25 18:30:03,2025-10-25,22,0,25.02559,121.56954,16,2025-10-25 10:32:51.141129,10,5,1,2025-10-25,0.0
500112110,YouBike2.0_松德路169巷口,信義區,2025-10-25 17:20:02,松德路169巷23號對側,Xinyi Dist,YouBike2.0_Ln. 169， Songde Rd.,No. 23， Ln. 169， Songde Rd. (Opposite),1,2025-10-25 18:31:29,2025-10-25 18:31:52,2025-10-25 17:20:02,2025-10-25,35,20,25.03633,121.57582,14,2025-10-25 10:32:51.141129,10,5,1,2025-10-25,0.5714285714285714
500112111,YouBike2.0_吳興新村,信義區,2025-10-25 15:20:04,吳興街156巷25弄17號旁公園,Xinyi Dist,YouBike2.0_Wuxing Community,No. 17， Aly. 25， Ln. 156， Wuxing St.,1,2025-10-25 18:31:29,2025-10-25 18:31:52,2025-10-25 15:20:04,2025-10-25,22,7,25.02815,121.56114,11,2025-10-25 10:32:51.141129,10,5,1,2025-10-25,0.3181818181818182
500112112,YouBike2.0_松山文創園區(一號倉庫),信義區,2025-10-25 17:26:15,菸廠路一號倉庫(光復南路133號),Xinyi Dist,YouBike2.0_Songshan Cultural and Creative Park (Warehouses 1),YanChang Rd. (Warehouses 1) (No. 133， GuangFu S. Rd.),1,2025-10-25 18:31:29,2025-10-25 18:31:52,2025-10-25 17:26:15,2025-10-25,19,15,25.04503,121.55951,3,2025-10-25 10:32:51.141129,10,5,1,2025-10-25,0.7894736842105263
500112113,YouBike2.0_永吉路187巷口,信義區,2025-10-25 16:10:03,永吉路189號旁,Xinyi Dist,YouBike2.0_Ln. 187， YongJi Rd.,No. 189， YongJi Rd.,1,2025-10-25 18:31:29,2025-10-25 18:31:52,2025-10-25 16:10:03,2025-10-25,16,6,25.04584,121.57273,10,2025-10-25 10:32:51.141129,10,5,1,2025-10-25,0.375
500112114,YouBike2.0_仁愛路四段512巷,信義區,2025-10-25 17:50:02,仁愛路四段512巷6號對側,Xinyi Dist,YouBike2.0_Ln. 512， Sec. 4， RenAi Rd.,No. 6， Ln. 512， Sec. 4， RenAi Rd. (Opposite),1,2025-10-25 18:31:29,2025-10-25 18:31:52,2025-10-25 17:50:02,2025-10-25,16,10,25.03706,121.56124,6,2025-10-25 10:32:51.141129,10,5,1,2025-10-25,0.625
500112115,YouBike2.0_信安街/富陽街44巷口,信義區,2025-10-25 17:30:03,信安街151號(前),Xinyi Dist,YouBike2.0_XinAn St. & Ln. 44， FuYang St. Intersection,No. 151， XinAn St.,1,2025-10-25 18:31:29,2025-10-25 18:31:52,2025-10-25 17:30:03,2025-10-25,21,5,25.02309,121.55537,16,2025-10-25 10:32:51.141129,10,5,1,2025-10-25,0.23809523809523808
500112116,YouBike2.0_吳興公園,信義區,2025-10-25 16:50:04,吳興街432巷與吳興街450巷6弄口,Xinyi Dist,YouBike2.0_Wuxing Park,Ln. 432， Wuxing St. & Aly. 6， Ln. 450， Wuxing St. Intersection,1,2025-10-25 18:31:29,2025-10-25 18:31:52,2025-10-25 16:50:04,2025-10-25,20,11,25.02383,121.56767,6,2025-10-25 10:32:51.141129,10,5,1,2025-10-25,0.55
500112117,YouBike2.0_逸仙松高路口,信義區,2025-10-25 17:16:19,逸仙路與松高路口,Xinyi Dist,YouBike2.0_YiXian Rd. & SongGao Rd. Intersection,YiXian Rd. & SongGao Rd. Intersection,1,2025-10-25 18:31:29,2025-10-25 18:31:52,2025-10-25 17:16:19,2025-10-25,25,20,25.03942,121.56149,5,2025-10-25 10:32:51.141129,10,5,1,2025-10-25,0.8
500112118,YouBike2.0_光復仁愛路口,信義區,2025-10-25 17:10:03,仁愛路四段/光復南路(東北側),Xinyi Dist,YouBike2.0_RenAi Rd. & GuangFu S. Rd. Intersection (Northeast),Sec. 4， RenAi Rd. & GuangFu S. Rd. Intersection (Northeast),1,2025-10-25 18:31:29,2025-10-25 18:31:52,2025-10-25 17:10:03,2025-10-25,25,11,25.03784,121.55768,14,2025-10-25 10:32:51.141129,10,5,1,2025-10-25,0.44
500112119,YouBike2.0_信義松智路口(東南側),信義區,2025-10-25 17:20:02,信義路五段100-1號(前),Xinyi Dist,YouBike2.0_XinYi Rd. & SongZhi Rd. Intersection (Southeast),No. 100-1， Sec. 5， XinYi Rd.,1,2025-10-25 18:31:29,2025-10-25 18:31:52,2025-10-25 17:20:02,2025-10-25,51,43,25.03284,121.56555,7,2025-10-25 10:32:51.141129,10,5,1,2025-10-25,0.8431372549019608
500112120,YouBike2.0_松山家商(東側),信義區,2025-10-25 17:50:02,松山路675之75號對側,Xinyi Dist,YouBike2.0_Song Shan High School of Commerce and Home Economics (East),No. 675-75， SongShan Rd. (Opposite),1,2025-10-25 18:31:29,2025-10-25 18:31:52,2025-10-25 17:50:02,2025-10-25,24,14,25.03568,121.58133,9,2025-10-25 10:32:51.141129,10,5,1,2025-10-25,0.5833333333333334
500112123,YouBike2.0_松山松隆路口,信義區,2025-10-25 18:30:03,松山路與松隆路口西北側,Xinyi Dist,YouBike2.0_SongShan Rd. & SongLong Rd. Intersection,SongShan Rd. & SongLong Rd. Intersection (Northwest),1,2025-10-25 18:31:29,2025-10-25 18:31:52,2025-10-25 18:30:03,2025-10-25,18,12,25.04831,121.57766,5,2025-10-25 10:32:51.141129,10,5,1,2025-10-25,0.6666666666666666
500112124,YouBike2.0_松智松平路口,信義區,2025-10-25 17:20:02,松智路/松平路口東南側,Xinyi Dist,YouBike2.0_SongZhi Rd. & SongPing Rd. Intersection,SongZhi Rd. & SongPing Rd. Intersection (Southeast),1,2025-10-25 18:31:29,2025-10-25 18:31:52,2025-10-25 17:20:02,2025-10-25,16,6,25.0304,121.5654,9,2025-10-25 10:32:51.141129,10,5,1,2025-10-25,0.375
500112125,YouBike2.0_象山公園(松勤街140巷),信義區,2025-10-25 15:50:04,松勤街150號前,Xinyi Dist,YouBike2.0_Xiangshan Park (Ln. 140， SongPin St.),No. 150， SongPin St.,1,2025-10-25 18:31:29,2025-10-25 18:31:52,2025-10-25 15:50:04,2025-10-25,29,23,25.03098,121.5697,6,2025-10-25 10:32:51.141129,10,5,1,2025-10-25,0.7931034482758621
500112127,YouBike2.0_永吉路120巷15弄口,信義區,2025-10-25 18:16:16,永吉路120巷12號,Xinyi Dist,YouBike2.0_Aly. 15， Ln. 120， YongJi Rd.,No. 12， Ln. 120， YongJi Rd.,1,2025-10-25 18:31:29,2025-10-25 18:31:52,2025-10-25 18:16:16,2025-10-25,21,1,25.04501,121.57028,13,2025-10-25 10:32:51.141129,10,5,1,2025-10-25,0.047619047619047616
500112128,YouBike2.0_臺北文創大樓(菸廠路),信義區,2025-10-25 16:10:03,菸廠路88號(靠近松山文創園區 五號倉庫),Xinyi Dist,YouBike2.0_Taipei New Horizon (YanChang Rd.),No. 88， YanChang Rd.,1,2025-10-25 18:31:29,2025-10-25 18:31:52,2025-10-25 16:10:03,2025-10-25,27,19,25.04499,121.56082,8,2025-10-25 10:32:51.141129,10,5,1,2025-10-25,0.7037037037037037
500112129,YouBike2.0_松德路25巷口,信義區,2025-10-25 16:57:14,松德路17號前,Xinyi Dist,YouBike2.0_Ln. 25， SongDe Rd.,No. 17， SongDe Rd.,1,2025-10-25 18:31:29,2025-10-25 18:31:52,2025-10-25 16:57:14,2025-10-25,18,4,25.0392,121.57742,11,2025-10-25 10:32:51.141129,10,5,1,2025-10-25,0.2222222222222222
500112130,YouBike2.0_國家鐵道博物館,信義區,2025-10-25 17:21:17,市民大道五段48號,Xinyi Dist,YouBike2.0_Preparatory Office of National Railway Museum,No. 48， Sec. 5， Civic Blvd.,1,2025-10-25 18:31:29,2025-10-25 18:31:52,2025-10-25 17:21:17,2025-10-25,40,1,25.04728,121.56337,38,2025-10-25 10:32:51.141129,10,5,1,2025-10-25,0.025
500112132,YouBike2.0_六張犁社會住宅B基地,信義區,2025-10-25 16:00:02,吳興街15巷/吳興街15巷46弄,Xinyi Dist,YouBike2.0_LiuZhangLi Housing B Social Housing,Ln. 15， WuXing St. & Aly. 46， Ln. 15， WuXing St. Intersection,1,2025-10-25 18:31:29,2025-10-25 18:31:52,2025-10-25 16:00:02,2025-10-25,48,30,25.02783,121.56024,14,2025-10-25 10:32:51.141129,10,5,1,2025-10-25,0.625
500113001,YouBike2.0_德昌寶興街口(西北角),萬華區,2025-10-25 18:28:16,寶興街186號(前),Wanhua Dist,YouBike2.0_Dechang St & Baoxing St Intersection (Northwest),No. 186， Baoxing St.,1,2025-10-25 18:31:29,2025-10-25 18:31:52,2025-10-25 18:28:16,2025-10-25,14,3,25.02365,121.49528,11,2025-10-25 10:32:51.141129,10,5,1,2025-10-25,0.21428571428571427
500113002,YouBike2.0_寶興長泰街口(西南角),萬華區,2025-10-25 18:30:03,寶興街/長泰街(西南側),Wanhua Dist,YouBike2.0_Baoxing St & Changtai St Intersection (Southwest),Baoxing St & Changtai St Intersection. (Southwest),1,2025-10-25 18:31:29,2025-10-25 18:31:52,2025-10-25 18:30:03,2025-10-25,17,4,25.0216,121.49597,12,2025-10-25 10:32:51.141129,10,5,1,2025-10-25,0.23529411764705882
500113003,YouBike2.0_萬大路486巷口,萬華區,2025-10-25 18:24:16,萬大路482號(旁),Wanhua Dist,YouBike2.0_Ln. 486， Wanda Rd,No. 482， Wanda Rd.,1,2025-10-25 18:31:29,2025-10-25 18:31:52,2025-10-25 18:24:16,2025-10-25,10,0,25.01975,121.4973,10,2025-10-25 10:32:51.141129,10,5,1,2025-10-25,0.0
500113004,YouBike2.0_國興中華路口,萬華區,2025-10-25 17:40:03,國興路2號前,Wanhua Dist,YouBike2.0_Guoxing Rd & Sec. 2， Zhonghua Rd Intersection,No. 2， Guoxing Rd.,1,2025-10-25 18:31:29,2025-10-25 18:31:52,2025-10-25 17:40:03,2025-10-25,22,6,25.02485,121.50898,15,2025-10-25 10:32:51.141129,10,5,1,2025-10-25,0.2727272727272727
500113005,YouBike2.0_古亭國中,萬華區,2025-10-25 17:40:03,中華路二段465號對側,Wanhua Dist,YouBike2.0_Guting Junior High School,No. 465， Sec. 2， Zhonghua Rd. (Opposite),1,2025-10-25 18:31:29,2025-10-25 18:31:52,2025-10-25 17:40:03,2025-10-25,51,36,25.02442,121.5107,15,2025-10-25 10:32:51.141129,10,5,1,2025-10-25,0.7058823529411765
500113006,YouBike2.0_國興水源路口,萬華區,2025-10-25 15:48:01,國興路1巷15號對側,Wanhua Dist,YouBike2.0_Guoxing Rd & Shuiyuan Rd Intersection,No. 15， Ln 1， Guoxing Rd. (Opposite),1,2025-10-25 18:31:29,2025-10-25 18:31:52,2025-10-25 15:48:01,2025-10-25,23,4,25.02297,121.50845,19,2025-10-25 10:32:51.141129,10,5,1,2025-10-25,0.17391304347826086
500113007,YouBike2.0_青年公園高爾夫球場,萬華區,2025-10-25 17:50:02,國興路42號對側,Wanhua Dist,YouBike2.0_Youth Park Golf Driving Range,No. 42， Guoxing Rd. (Opposite),1,2025-10-25 18:31:29,2025-10-25 18:31:52,2025-10-25 17:50:02,2025-10-25,25,14,25.02481,121.50755,10,2025-10-25 10:32:51.141129,10,5,1,2025-10-25,0.56
500113008,YouBike2.0_國興青年路口,萬華區,2025-10-25 18:30:03,國興路與青年路口西南側,Wanhua Dist,YouBike2.0_Guoxing Rd & Qingnian Rd Intersection,Guoxing Rd & Qingnian Rd Intersection. (Southwest),1,2025-10-25 18:31:29,2025-10-25 18:31:52,2025-10-25 18:30:03,2025-10-25,51,13,25.02594,121.50651,34,2025-10-25 10:32:51.141129,10,5,1,2025-10-25,0.2549019607843137
500113009,YouBike2.0_青年公園棒球場,萬華區,2025-10-25 16:40:02,青年路66號對側,Wanhua Dist,YouBike2.0_Youth Park Baseball Field,No. 66， Qingnian Rd (Opposite),1,2025-10-25 18:31:29,2025-10-25 18:31:52,2025-10-25 16:40:02,2025-10-25,28,6,25.0241,121.50289,21,2025-10-25 10:32:51.141129,10,5,1,2025-10-25,0.21428571428571427
500113010,YouBike2.0_青年公園籃球場,萬華區,2025-10-25 16:30:04,青年公園籃球場南側,Wanhua Dist,YouBike2.0_Youth Park Basketball Courts,Youth Park Basketball Courts. (South),1,2025-10-25 18:31:29,2025-10-25 18:31:52,2025-10-25 16:30:04,2025-10-25,24,20,25.02085,121.50539,3,2025-10-25 10:32:51.141129,10,5,1,2025-10-25,0.8333333333333334
500113012,YouBike2.0_復華花園新城,萬華區,2025-10-25 16:47:02,西藏路123號前,Wanhua Dist,YouBike2.0_Fuhua Garden Metro,No. 123， Xizang Rd.,1,2025-10-25 18:31:29,2025-10-25 18:31:52,2025-10-25 16:47:02,2025-10-25,38,7,25.02964,121.50258,29,2025-10-25 10:32:51.141129,10,5,1,2025-10-25,0.18421052631578946
500113013,YouBike2.0_新和國小,萬華區,2025-10-25 18:22:16,萬大路277巷37弄1號東側,Wanhua Dist,YouBike2.0_Xinhe Elementary School,No. 1， Aly. 37， Ln. 277， Wanda Rd. (East),1,2025-10-25 18:31:29,2025-10-25 18:31:52,2025-10-25 18:22:16,2025-10-25,20,0,25.02582,121.50255,20,2025-10-25 10:32:51.141129,10,5,1,2025-10-25,0.0
500113014,YouBike2.0_莒光郵局,萬華區,2025-10-25 17:20:02,莒光路210號前,Wanhua Dist,YouBike2.0_Taipei Juguang Post Office,No. 210， Juguang Rd.,1,2025-10-25 18:31:29,2025-10-25 18:31:52,2025-10-25 17:20:02,2025-10-25,22,8,25.03124,121.50122,13,2025-10-25 10:32:51.141129,10,5,1,2025-10-25,0.36363636363636365
500113015,YouBike2.0_莒光立體停車場,萬華區,2025-10-25 17:50:02,莒光路137號前,Wanhua Dist,YouBike2.0_Juguang Car Park,No. 137， Juguang Rd.,1,2025-10-25 18:31:29,2025-10-25 18:31:52,2025-10-25 17:50:02,2025-10-25,10,7,25.03116,121.50336,3,2025-10-25 10:32:51.141129,10,5,1,2025-10-25,0.7
500113016,YouBike2.0_艋舺大道146巷口,萬華區,2025-10-25 18:24:16,艋舺大道142號前,Wanhua Dist,YouBike2.0_Ln. 146， Bangka Blvd Intersection,No. 142， Bangka Blvd.,1,2025-10-25 18:31:29,2025-10-25 18:31:52,2025-10-25 18:24:16,2025-10-25,14,0,25.03301,121.5016,11,2025-10-25 10:32:51.141129,10,5,1,2025-10-25,0.0
500113017,YouBike2.0_東園國小,萬華區,2025-10-25 17:50:02,東園街199號前方,Wanhua Dist,YouBike2.0_Dongyuan Elementary School,No. 199， Dongyuan St.,1,2025-10-25 18:31:29,2025-10-25 18:31:52,2025-10-25 17:50:02,2025-10-25,33,11,25.02257,121.49807,22,2025-10-25 10:32:51.141129,10,5,1,2025-10-25,0.3333333333333333
500113018,YouBike2.0_華中疏散門,萬華區,2025-10-25 17:50:02,環河南路三段371號前,Wanhua Dist,YouBike2.0_Huazhong Evacuation Gate,No. 371， Sec. 3， Huanhe S. Rd.,1,2025-10-25 18:31:29,2025-10-25 18:31:52,2025-10-25 17:50:02,2025-10-25,12,4,25.01688,121.49534,8,2025-10-25 10:32:51.141129,10,5,1,2025-10-25,0.3333333333333333
500113019,YouBike2.0_錦德公園,萬華區,2025-10-25 17:40:03,德昌街243號前,Wanhua Dist,YouBike2.0_Jinde Park,No. 243， Dechang St.,1,2025-10-25 18:31:29,2025-10-25 18:31:52,2025-10-25 17:40:03,2025-10-25,29,15,25.02332,121.49264,14,2025-10-25 10:32:51.141129,10,5,1,2025-10-25,0.5172413793103449
500113020,YouBike2.0_忠德公園,萬華區,2025-10-25 16:47:02,東園街66巷20弄27號前,Wanhua Dist,YouBike2.0_Zhongde Park,No. 27， Aly 20， Ln 66， Dongyuan St.,1,2025-10-25 18:31:29,2025-10-25 18:31:52,2025-10-25 16:47:02,2025-10-25,19,5,25.02516,121.49604,13,2025-10-25 10:32:51.141129,10,5,1,2025-10-25,0.2631578947368421
500113022,YouBike2.0_華江高中,萬華區,2025-10-25 17:20:02,東園街35巷14號對側,Wanhua Dist,YouBike2.0_Hua Jiang Senior High School,No. 14， Ln 35， Dongyuan St. (Opposite),1,2025-10-25 18:31:29,2025-10-25 18:31:52,2025-10-25 17:20:02,2025-10-25,50,17,25.02744,121.49619,32,2025-10-25 10:32:51.141129,10,5,1,2025-10-25,0.34
500113023,YouBike2.0_西園艋舺路口,萬華區,2025-10-25 17:50:02,西園路二段與艋舺大道口西南側,Wanhua Dist,YouBike2.0_Sec. 2， Xiyuan Rd & Bangka Blvd Intersection,Sec. 2， Xiyuan Rd & Bangka Blvd Intersection. (Southwest),1,2025-10-25 18:31:29,2025-10-25 18:31:52,2025-10-25 17:50:02,2025-10-25,64,19,25.03267,121.49757,45,2025-10-25 10:32:51.141129,10,5,1,2025-10-25,0.296875
500113025,YouBike2.0_雙園國中,萬華區,2025-10-25 16:50:04,西園路二段320巷與興義街口,Wanhua Dist,YouBike2.0_Shuang Yuan Junior High School,Sec. 2， Xiyuan Rd & Xingyi St Intersection,1,2025-10-25 18:31:29,2025-10-25 18:31:52,2025-10-25 16:50:04,2025-10-25,24,7,25.02673,121.49176,17,2025-10-25 10:32:51.141129,10,5,1,2025-10-25,0.2916666666666667
500113026,YouBike2.0_長順區民活動中心,萬華區,2025-10-25 18:12:15,長順街127號前,Wanhua Dist,YouBike2.0_Changshun Community Center,No. 127， Changshun St.,1,2025-10-25 18:31:29,2025-10-25 18:31:52,2025-10-25 18:12:15,2025-10-25,26,4,25.03284,121.48908,22,2025-10-25 10:32:51.141129,10,5,1,2025-10-25,0.15384615384615385
500113027,YouBike2.0_萬華安居社會住宅A區,萬華區,2025-10-25 18:12:15,環河南路二段250巷25弄2號對側,Wanhua Dist,YouBike2.0_WanHua Housing A Social Housing,No. 2， Aly. 25， Ln. 250， Sec. 2， Huanhe S. R. (Opposite),1,2025-10-25 18:31:29,2025-10-25 18:31:52,2025-10-25 18:12:15,2025-10-25,25,3,25.03397,121.49029,22,2025-10-25 10:32:51.141129,10,5,1,2025-10-25,0.12
500113028,YouBike2.0_華江八號公園,萬華區,2025-10-25 17:37:15,環河南路二段216號旁,Wanhua Dist,YouBike2.0_Huajiang No.8 Park,No. 2， Aly. 25， Ln. 250， Sec. 2， Huanhe S. R,1,2025-10-25 18:31:29,2025-10-25 18:31:52,2025-10-25 17:37:15,2025-10-25,20,2,25.03388,121.49293,18,2025-10-25 10:32:51.141129,10,5,1,2025-10-25,0.1
500113029,YouBike2.0_環河南雙園街口,萬華區,2025-10-25 17:40:03,環河南路二段282號前,Wanhua Dist,YouBike2.0_Sec. 2， Huanhe S. R & Shuangyuan St Intersection,No. 282， Sec. 2， Huanhe S. Rd.,1,2025-10-25 18:31:29,2025-10-25 18:31:52,2025-10-25 17:40:03,2025-10-25,21,5,25.03203,121.49127,15,2025-10-25 10:32:51.141129,10,5,1,2025-10-25,0.23809523809523808
500113030,YouBike2.0_大理高中,萬華區,2025-10-25 14:35:03,環河南路二段與西藏路口東側,Wanhua Dist,YouBike2.0_Dali Senior High School,Sec. 2， Huanhe S. Rd & Xizang Rd (East),1,2025-10-25 18:31:29,2025-10-25 18:31:52,2025-10-25 14:35:03,2025-10-25,35,5,25.03124,121.49075,29,2025-10-25 10:32:51.141129,10,5,1,2025-10-25,0.14285714285714285
500113031,YouBike2.0_糖廍文化園區,萬華區,2025-10-25 17:50:02,大理街177號對側,Wanhua Dist,YouBike2.0_Tang bu Cultural Park,No. 177， Dali St. (Opposite),1,2025-10-25 18:31:29,2025-10-25 18:31:52,2025-10-25 17:50:02,2025-10-25,18,6,25.03383,121.4946,12,2025-10-25 10:32:51.141129,10,5,1,2025-10-25,0.3333333333333333
500113032,YouBike2.0_兩棵樹公園,萬華區,2025-10-25 15:50:04,艋舺大道與大理街160巷20弄口東側,Wanhua Dist,YouBike2.0_Liangkeshu Park,Bangka Blvd & Aly. 20， Ln. 160， Dali St Intersection. (East),1,2025-10-25 18:31:29,2025-10-25 18:31:52,2025-10-25 15:50:04,2025-10-25,19,10,25.03253,121.49549,8,2025-10-25 10:32:51.141129,10,5,1,2025-10-25,0.5263157894736842
500113033,YouBike2.0_萬華青年公宅,萬華區,2025-10-25 17:30:03,青年路188號前,Wanhua Dist,YouBike2.0_Wanhua Qingnian Public Housing,No. 188， Qingnian Rd.,1,2025-10-25 18:31:29,2025-10-25 18:31:52,2025-10-25 17:30:03,2025-10-25,23,3,25.02021,121.50376,20,2025-10-25 10:32:51.141129,10,5,1,2025-10-25,0.13043478260869565
500113034,YouBike2.0_開封西寧路口,萬華區,2025-10-25 17:50:02,西寧南路12號(對面),Wanhua Dist,YouBike2.0_Kaifeng St. & Xining Rd. Intersection,No. 12， Xining Rd. (Opposite),1,2025-10-25 18:31:29,2025-10-25 18:31:52,2025-10-25 17:50:02,2025-10-25,68,40,25.04662,121.50717,28,2025-10-25 10:32:51.141129,10,5,1,2025-10-25,0.5882352941176471
500113035,YouBike2.0_峨眉停車場,萬華區,2025-10-25 18:07:18,峨眉街83號(旁),Wanhua Dist,YouBike2.0_Emei Parking Lots,No. 83， Emei St. (Side),1,2025-10-25 18:31:29,2025-10-25 18:31:52,2025-10-25 18:07:18,2025-10-25,47,26,25.04441,121.50541,21,2025-10-25 10:32:51.141129,10,5,1,2025-10-25,0.5531914893617021
500113036,YouBike2.0_長沙公園,萬華區,2025-10-25 17:50:02,環河南路一段280-1號(對面),Wanhua Dist,YouBike2.0_Changsha Park,No. 280-1， Sec. 1， Huanhe S Rd. (Opposite),1,2025-10-25 18:31:29,2025-10-25 18:31:52,2025-10-25 17:50:02,2025-10-25,37,8,25.0417,121.49992,29,2025-10-25 10:32:51.141129,10,5,1,2025-10-25,0.21621621621621623
500113037,YouBike2.0_貓公園(中興橋頭),萬華區,2025-10-25 17:54:15,成都路110號前,Wanhua Dist,YouBike2.0_Cat Park (Zhongxing Bridgehead),No. 110， Chengdu Rd. (Opposite),1,2025-10-25 18:31:29,2025-10-25 18:31:52,2025-10-25 17:54:15,2025-10-25,16,2,25.04369,121.5018,14,2025-10-25 10:32:51.141129,10,5,1,2025-10-25,0.125
500113038,YouBike2.0_西本願寺廣場,萬華區,2025-10-25 18:30:03,中華路一段164號(前),Wanhua Dist,YouBike2.0_Nishi Honganji Relics Plaza,No. 164-1， Sec. 1， Zhonghua Rd.,1,2025-10-25 18:31:29,2025-10-25 18:31:52,2025-10-25 18:30:03,2025-10-25,87,35,25.04099,121.50769,49,2025-10-25 10:32:51.141129,10,5,1,2025-10-25,0.40229885057471265
500113039,YouBike2.0_中華桂林路口,萬華區,2025-10-25 18:30:03,中華路一段與桂林路口西北側,Wanhua Dist,YouBike2.0_Zhonghua Rd. & Guilin Rd. Intersection,Sec. 1， Zhonghua Rd. & Guilin Rd. (Northwest),1,2025-10-25 18:31:29,2025-10-25 18:31:52,2025-10-25 18:30:03,2025-10-25,34,2,25.03771,121.50662,31,2025-10-25 10:32:51.141129,10,5,1,2025-10-25,0.058823529411764705
500113040,YouBike2.0_捷運龍山寺站(1號出口),萬華區,2025-10-25 18:30:03,和平西路三段/西園路一段(東北側),Wanhua Dist,YouBike2.0_MRT Longshan Temple Sta. (Exit 1),Sec. 3， Heping W Rd. & Sec. 1， Xiyuan Rd. (Northeast),1,2025-10-25 18:31:29,2025-10-25 18:31:52,2025-10-25 18:30:03,2025-10-25,11,2,25.03535,121.49938,9,2025-10-25 10:32:51.141129,10,5,1,2025-10-25,0.18181818181818182
500113041,YouBike2.0_龍山國小,萬華區,2025-10-25 17:30:03,和平西路三段235號(旁),Wanhua Dist,YouBike2.0_Longshan Elementary School,No. 235， Sec. 3， Heping W Rd. (Side),1,2025-10-25 18:31:29,2025-10-25 18:31:52,2025-10-25 17:30:03,2025-10-25,62,17,25.0355,121.49541,41,2025-10-25 10:32:51.141129,10,5,1,2025-10-25,0.27419354838709675
500113042,YouBike2.0_華西公園,萬華區,2025-10-25 17:50:02,桂林路134號(對面),Wanhua Dist,YouBike2.0_Huaxi Park,No. 134， Guilin Rd. (Opposite),1,2025-10-25 18:31:29,2025-10-25 18:31:52,2025-10-25 17:50:02,2025-10-25,51,23,25.03852,121.49881,25,2025-10-25 10:32:51.141129,10,5,1,2025-10-25,0.45098039215686275
500113043,YouBike2.0_老松國小,萬華區,2025-10-25 17:50:02,康定路238號(對面),Wanhua Dist,YouBike2.0_laosong Elementary School,No. 238， Kangding Rd. (Opposite),1,2025-10-25 18:31:29,2025-10-25 18:31:52,2025-10-25 17:50:02,2025-10-25,74,14,25.03792,121.50177,60,2025-10-25 10:32:51.141129,10,5,1,2025-10-25,0.1891891891891892
500113044,YouBike2.0_萬華火車站,萬華區,2025-10-25 16:10:03,艋舺大道83號(前),Wanhua Dist,YouBike2.0_Wanhua Train Sta.,No. 83， Bangka Blvd.,1,2025-10-25 18:31:29,2025-10-25 18:31:52,2025-10-25 16:10:03,2025-10-25,53,39,25.03364,121.50322,12,2025-10-25 10:32:51.141129,10,5,1,2025-10-25,0.7358490566037735
500113045,YouBike2.0_萬華火車站(D2廣場),萬華區,2025-10-25 16:40:02,康定路/康定路287巷(東南側),Wanhua Dist,YouBike2.0_Wanhua Train Sta. (D2 Plaza),Kangding Rd. & Ln. 287， Kangding Rd. Intersection,1,2025-10-25 18:31:29,2025-10-25 18:31:52,2025-10-25 16:40:02,2025-10-25,42,2,25.03394,121.50117,40,2025-10-25 10:32:51.141129,10,5,1,2025-10-25,0.047619047619047616
500113046,YouBike2.0_捷運龍山寺站(3號出口),萬華區,2025-10-25 17:40:03,和平西路三段/和平西路三段88巷(西南側),Wanhua Dist,YouBike2.0_MRT Longshan Temple Sta. (Exit 3),Sec. 3， Heping W Rd. & Ln. 88， Sec. 3， Heping W Rd. Intersection (Southwest),1,2025-10-25 18:31:29,2025-10-25 18:31:52,2025-10-25 17:40:03,2025-10-25,40,15,25.03509,121.50199,24,2025-10-25 10:32:51.141129,10,5,1,2025-10-25,0.375
500113047,YouBike2.0_臺北市電影主題公園(峨眉街),萬華區,2025-10-25 18:30:03,峨眉街100號(對面),Wanhua Dist,YouBike2.0_Taipei Cinema Park (Emei St.),No. 100， Emei St. (Opposite),1,2025-10-25 18:31:29,2025-10-25 18:31:52,2025-10-25 18:30:03,2025-10-25,20,6,25.04445,121.50306,14,2025-10-25 10:32:51.141129,10,5,1,2025-10-25,0.3
500113048,YouBike2.0_臺北市電影主題公園(康定路),萬華區,2025-10-25 17:40:03,康定路18-2號(對面),Wanhua Dist,YouBike2.0_Taipei Cinema Park (Kangding Rd.),No. 18-2， Kangding Rd.,1,2025-10-25 18:31:29,2025-10-25 18:31:52,2025-10-25 17:40:03,2025-10-25,15,4,25.04551,121.50318,11,2025-10-25 10:32:51.141129,10,5,1,2025-10-25,0.26666666666666666
500113049,YouBike2.0_中華峨眉街口,萬華區,2025-10-25 17:50:02,中華路一段130號(前),Wanhua Dist,YouBike2.0_Zhonghua Rd. & Emei St. Intersection,No. 130， Sec. 1， Zhonghua Rd.,1,2025-10-25 18:31:29,2025-10-25 18:31:52,2025-10-25 17:50:02,2025-10-25,24,10,25.04345,121.50841,12,2025-10-25 10:32:51.141129,10,5,1,2025-10-25,0.4166666666666667
500113050,YouBike2.0_萬華266號綠地,萬華區,2025-10-25 18:16:16,康定路81號(對面),Wanhua Dist,YouBike2.0_wanhua greehs NO.266,No. 81， Kangding Rd. (Opposite),1,2025-10-25 18:31:29,2025-10-25 18:31:52,2025-10-25 18:16:16,2025-10-25,19,2,25.0403,121.50197,17,2025-10-25 10:32:51.141129,10,5,1,2025-10-25,0.10526315789473684
500113051,YouBike2.0_萬大國小(萬大路344巷口),萬華區,2025-10-25 17:50:02,萬大路346號(旁),Wanhua Dist,YouBike2.0_Wanda Elementary School (Ln. 344， Wanda Rd.),No. 346， Wanda Rd.,1,2025-10-25 18:31:29,2025-10-25 18:31:52,2025-10-25 17:50:02,2025-10-25,20,9,25.02376,121.49986,11,2025-10-25 10:32:51.141129,10,5,1,2025-10-25,0.45
500113052,YouBike2.0_德昌街10巷口,萬華區,2025-10-25 17:50:02,德昌街15號(對面),Wanhua Dist,YouBike2.0_Ln. 10， Dechang St.,No. 15， Dechang St. (Opposite),1,2025-10-25 18:31:29,2025-10-25 18:31:52,2025-10-25 17:50:02,2025-10-25,17,2,25.02533,121.4996,15,2025-10-25 10:32:51.141129,10,5,1,2025-10-25,0.11764705882352941
500113053,YouBike2.0_環河南和平西路口,萬華區,2025-10-25 18:22:16,環河南路一段/和平西路三段口(西南側),Wanhua Dist,YouBike2.0_Huanhe S. Rd. & Heping W. Rd. Intersection,Sec. 1， Huanhe S. Rd. & Sec. 3， Heping W. Rd. Intersection (Southwest),1,2025-10-25 18:31:29,2025-10-25 18:31:52,2025-10-25 18:22:16,2025-10-25,20,0,25.03517,121.49048,20,2025-10-25 10:32:51.141129,10,5,1,2025-10-25,0.0
500113054,YouBike2.0_長順街60巷口,萬華區,2025-10-25 16:50:04,長順街60巷38號對側,Wanhua Dist,YouBike2.0_Ln. 60， Changshun St.,No. 38， Ln. 60， Changshun St. (Opposite),1,2025-10-25 18:31:29,2025-10-25 18:31:52,2025-10-25 16:50:04,2025-10-25,15,8,25.03119,121.48858,7,2025-10-25 10:32:51.141129,10,5,1,2025-10-25,0.5333333333333333
500113055,YouBike2.0_西園公園,萬華區,2025-10-25 16:47:02,東園街35巷/東園街67巷交叉口,Wanhua Dist,YouBike2.0_Xiyuan Park,Ln. 35， Dongyuan St. & Ln. 67， Dongyuan St. Intersection,1,2025-10-25 18:31:29,2025-10-25 18:31:52,2025-10-25 16:47:02,2025-10-25,14,4,25.0271,121.49775,10,2025-10-25 10:32:51.141129,10,5,1,2025-10-25,0.2857142857142857
500113056,YouBike2.0_華江污水廠,萬華區,2025-10-25 16:40:02,桂林路246巷66號南側,Wanhua Dist,YouBike2.0_Huajiang Sewage Treatment Plant,No. 66， Ln. 246， Guilin Rd. (South),1,2025-10-25 18:31:29,2025-10-25 18:31:52,2025-10-25 16:40:02,2025-10-25,20,8,25.03606,121.49163,11,2025-10-25 10:32:51.141129,10,5,1,2025-10-25,0.4
500113057,YouBike2.0_柳鄉公園,萬華區,2025-10-25 16:47:02,環河南路二段100巷15號對側,Wanhua Dist,YouBike2.0_Liuxiang Park,No. 102， Sec. 2， Huanhe S. Rd. (Northwest),1,2025-10-25 18:31:29,2025-10-25 18:31:52,2025-10-25 16:47:02,2025-10-25,34,10,25.03731,121.49526,22,2025-10-25 10:32:51.141129,10,5,1,2025-10-25,0.29411764705882354
500113058,YouBike2.0_綠堤社區公園,萬華區,2025-10-25 17:50:02,大理街170巷與環河南路二段159巷口,Wanhua Dist,YouBike2.0_Luti Community Park,Ln. 170， Dali St. & Ln.159， Sec. 2， Huanhe S. Rd. Intersection,1,2025-10-25 18:31:29,2025-10-25 18:31:52,2025-10-25 17:50:02,2025-10-25,28,10,25.03302,121.4931,16,2025-10-25 10:32:51.141129,10,5,1,2025-10-25,0.35714285714285715
500113059,YouBike2.0_長順艋舺大道口,萬華區,2025-10-25 17:30:03,長順街與雙園街106巷口,Wanhua Dist,YouBike2.0_Changshun St. & Bangka Blvd. Intersection,Changshun St. & Ln. 106， Shuangyuan St. Intersection,1,2025-10-25 18:31:29,2025-10-25 18:31:52,2025-10-25 17:30:03,2025-10-25,26,12,25.03035,121.49228,13,2025-10-25 10:32:51.141129,10,5,1,2025-10-25,0.46153846153846156
500113060,YouBike2.0_富民路145巷口,萬華區,2025-10-25 18:30:03,富民路151號對側,Wanhua Dist,YouBike2.0_Ln. 145， Fumin Rd.,No. 151， Fumin Rd. (Opposite),1,2025-10-25 18:31:29,2025-10-25 18:31:52,2025-10-25 18:30:03,2025-10-25,18,10,25.01796,121.49988,8,2025-10-25 10:32:51.141129,10,5,1,2025-10-25,0.5555555555555556
500113061,YouBike2.0_環南綜合市場,萬華區,2025-10-25 11:43:02,環河南路二段245號旁,Wanhua Dist,YouBike2.0_Huanhe Market,No. 245， Sec. 2， Huanhe S. Rd.,1,2025-10-25 18:31:29,2025-10-25 18:31:52,2025-10-25 11:43:02,2025-10-25,26,7,25.0286,121.48908,19,2025-10-25 10:32:51.141129,10,5,1,2025-10-25,0.2692307692307692
500113062,YouBike2.0_龍山國中,萬華區,2025-10-25 17:20:02,南寧路與廣州街口南側,Wanhua Dist,YouBike2.0_LongShan Junior High School,Nanning Rd. & Guangzhou St. Intersection (South),1,2025-10-25 18:31:29,2025-10-25 18:31:52,2025-10-25 17:20:02,2025-10-25,15,6,25.03646,121.50492,8,2025-10-25 10:32:51.141129,10,5,1,2025-10-25,0.4
500113063,YouBike2.0_洛陽停車場,萬華區,2025-10-25 17:40:03,昆明街與洛陽街口西側,Wanhua Dist,YouBike2.0_Luoyang Parking,Kunming St. & Luoyang St. Intersection (West),1,2025-10-25 18:31:29,2025-10-25 18:31:52,2025-10-25 17:40:03,2025-10-25,22,17,25.04776,121.50612,4,2025-10-25 10:32:51.141129,10,5,1,2025-10-25,0.7727272727272727
500113064,YouBike2.0_桂林昆明街口,萬華區,2025-10-25 17:40:03,桂林路與昆明街口西北側,Wanhua Dist,YouBike2.0_Guilin Rd. & Kunming St. Intersection,Guilin Rd. & Kunming St. Intersection (Northwest),1,2025-10-25 18:31:29,2025-10-25 18:31:52,2025-10-25 17:40:03,2025-10-25,29,3,25.03811,121.50362,25,2025-10-25 10:32:51.141129,10,5,1,2025-10-25,0.10344827586206896
500113065,YouBike2.0_萬華國中_1,萬華區,2025-10-25 18:30:03,西藏路 / 莒光路299巷口(東南側),Wanhua Dist,YouBike2.0_Wanhuaguomin Junior High School,Xizang Rd. & Ln. 299， Juguang Rd. Intersection (Southeast),1,2025-10-25 18:31:29,2025-10-25 18:31:52,2025-10-25 18:30:03,2025-10-25,36,19,25.02926,121.49936,17,2025-10-25 10:32:51.141129,10,5,1,2025-10-25,0.5277777777777778
500113066,YouBike2.0_青年公園3號出口,萬華區,2025-10-25 17:40:03,青年路/青年路106巷(東側),Wanhua Dist,YouBike2.0_Youth Park (Exit 3),Qingnian Rd. & Ln. 106， Qingnian Rd. Intersection (East),1,2025-10-25 18:31:29,2025-10-25 18:31:52,2025-10-25 17:40:03,2025-10-25,46,14,25.02273,121.50271,31,2025-10-25 10:32:51.141129,10,5,1,2025-10-25,0.30434782608695654
500113069,YouBike2.0_莒光社會住宅,萬華區,2025-10-25 18:14:15,萬大路與興寧街66巷22弄口西北側,Wanhua Dist,YouBike2.0_Juguang Social Housing,Wanda Rd. & Aly. 22， Ln. 66， Xingning St. Intersection (Northwest),1,2025-10-25 18:31:29,2025-10-25 18:31:52,2025-10-25 18:14:15,2025-10-25,30,0,25.0317,121.50033,29,2025-10-25 10:32:51.141129,10,5,1,2025-10-25,0.0
500113070,YouBike2.0_艋舺西藏路口,萬華區,2025-10-25 16:50:04,艋舺大道與西藏路口西南側(華翠大橋下),Wanhua Dist,YouBike2.0_Bangka Blvd. & Xizang Rd. Intersection,Bangka Blvd. & Xizang Rd. Intersection (Southwest) (Under Huacui Bridge),1,2025-10-25 18:31:29,2025-10-25 18:31:52,2025-10-25 16:50:04,2025-10-25,30,14,25.0287,121.49156,16,2025-10-25 10:32:51.141129,10,5,1,2025-10-25,0.4666666666666667
500113071,YouBike2.0_萬大路493巷,萬華區,2025-10-25 15:39:02,萬大路493巷44號旁,Wanhua Dist,YouBike2.0_Ln. 493， Wanda Rd.,No. 44， Ln. 493， Wanda Rd.,1,2025-10-25 18:31:29,2025-10-25 18:31:52,2025-10-25 15:39:02,2025-10-25,10,3,25.01975,121.4992,6,2025-10-25 10:32:51.141129,10,5,1,2025-10-25,0.3
500113072,YouBike2.0_雙園國中地下停車場,萬華區,2025-10-25 18:21:16,西園路二段320巷55弄8-10號前,Wanhua Dist,YouBike2.0_Shuangyuan Car Park,No. 10， Aly. 55， Ln. 320， Sec. 2， Xiyuan Rd.,1,2025-10-25 18:31:29,2025-10-25 18:31:52,2025-10-25 18:21:16,2025-10-25,12,4,25.02768,121.49134,8,2025-10-25 10:32:51.141129,10,5,1,2025-10-25,0.3333333333333333
500113073,YouBike2.0_青年路152巷口,萬華區,2025-10-25 17:44:15,青年路152巷59號對側,Wanhua Dist,YouBike2.0_Ln. 152， Qingnian Rd.,No. 59， Ln. 152， Qingnian Rd. (Opposite),1,2025-10-25 18:31:29,2025-10-25 18:31:52,2025-10-25 17:44:15,2025-10-25,23,1,25.01979,121.5009,21,2025-10-25 10:32:51.141129,10,5,1,2025-10-25,0.043478260869565216
500113074,YouBike2.0_和平西路二段190巷口,萬華區,2025-10-25 15:30:02,和平西路二段190巷11號前,Wanhua Dist,YouBike2.0_Ln. 190， Sec. 2， Heping W. Rd.,No. 11， Ln. 190， Sec. 2， Heping W. Rd.,1,2025-10-25 18:31:29,2025-10-25 18:31:52,2025-10-25 15:30:02,2025-10-25,15,7,25.03348,121.50445,8,2025-10-25 10:32:51.141129,10,5,1,2025-10-25,0.4666666666666667
500113075,YouBike2.0_萬大路424巷口,萬華區,2025-10-25 17:40:03,環河南路三段/萬大路424巷,Wanhua Dist,YouBike2.0_Ln. 424， Wanda Rd.,Sec. 3， Huanhe S. Rd. & Ln. 424， Wanda Rd. Intersection,1,2025-10-25 18:31:29,2025-10-25 18:31:52,2025-10-25 17:40:03,2025-10-25,15,6,25.02039,121.4927,7,2025-10-25 10:32:51.141129,10,5,1,2025-10-25,0.4
500113077,YouBike2.0_長泰街52巷口,萬華區,2025-10-25 15:39:02,長泰街45號對側,Wanhua Dist,YouBike2.0_Ln. 52， ChangTai St.,No. 45， ChangTai St. (Opposite),1,2025-10-25 18:31:29,2025-10-25 18:31:52,2025-10-25 15:39:02,2025-10-25,15,8,25.0232,121.50028,6,2025-10-25 10:32:51.141129,10,5,1,2025-10-25,0.5333333333333333
500113078,YouBike2.0_水源青年路口,萬華區,2025-10-25 17:50:02,水源路與青年路口北側,Wanhua Dist,YouBike2.0_ShuiYuan Rd. & QingNian Rd. Intersection,ShuiYuan Rd. & QingNian Rd. Intersection (North),1,2025-10-25 18:31:29,2025-10-25 18:31:52,2025-10-25 17:50:02,2025-10-25,24,3,25.02005,121.50429,20,2025-10-25 10:32:51.141129,10,5,1,2025-10-25,0.125
500113079,YouBike2.0_青年公園4號出口,萬華區,2025-10-25 17:30:03,青年路162號對側人行道,Wanhua Dist,YouBike2.0_Youth Park (Exit 4),No. 162， QingNian Rd.,1,2025-10-25 18:31:29,2025-10-25 18:31:52,2025-10-25 17:30:03,2025-10-25,24,2,25.02114,121.50265,22,2025-10-25 10:32:51.141129,10,5,1,2025-10-25,0.08333333333333333
500113080,YouBike2.0_祥安水岸景觀大廈,萬華區,2025-10-25 17:51:15,水源路207之7號前,Wanhua Dist,YouBike2.0_XiangAn Public Housing,No. 207-7， Shuiyuan Rd.,1,2025-10-25 18:31:29,2025-10-25 18:31:52,2025-10-25 17:51:15,2025-10-25,15,5,25.01907,121.50219,9,2025-10-25 10:32:51.141129,10,5,1,2025-10-25,0.3333333333333333
500113081,YouBike2.0_大理高中(西藏路),萬華區,2025-10-25 18:24:16,環河南路二段與西藏路口,Wanhua Dist,YouBike2.0_Dali High School (XiZang Rd.),Sec. 2， HuanHe S. Rd. & XiZang Rd. Intersection,1,2025-10-25 18:31:29,2025-10-25 18:31:52,2025-10-25 18:24:16,2025-10-25,40,2,25.03062,121.49021,38,2025-10-25 10:32:51.141129,10,5,1,2025-10-25,0.05
500113083,YouBike2.0_綠堤公園(西北側),萬華區,2025-10-25 14:44:02,環河南路二段159巷口,Wanhua Dist,YouBike2.0_LuTi Park (Northwest),Ln. 159， Sec. 2， HuanHe S. Rd.,1,2025-10-25 18:31:29,2025-10-25 18:31:52,2025-10-25 14:44:02,2025-10-25,14,3,25.03338,121.49267,11,2025-10-25 10:32:51.141129,10,5,1,2025-10-25,0.21428571428571427
500113085,YouBike2.0_艋舺雙園街口,萬華區,2025-10-25 18:28:16,艋舺大道404號前方,Wanhua Dist,YouBike2.0_BangKa Blvd. & ShuangYuan St. Intersection,No. 404， BangKa Blvd.,1,2025-10-25 18:31:29,2025-10-25 18:31:52,2025-10-25 18:28:16,2025-10-25,14,13,25.0301,121.49324,0,2025-10-25 10:32:51.141129,10,5,1,2025-10-25,0.9285714285714286
500113086,YouBike2.0_德昌街125巷口,萬華區,2025-10-25 16:50:04,德昌街142號對側,Wanhua Dist,YouBike2.0_Ln. 125， DeChang St.,No. 142， DeChang St.,1,2025-10-25 18:31:29,2025-10-25 18:31:52,2025-10-25 16:50:04,2025-10-25,19,7,25.02406,121.49639,12,2025-10-25 10:32:51.141129,10,5,1,2025-10-25,0.3684210526315789
500113087,YouBike2.0_萬青街186號,萬華區,2025-10-25 18:30:03,萬青街186號,Wanhua Dist,YouBike2.0_No. 186， WanQing St.,No. 186， WanQing St.,1,2025-10-25 18:31:29,2025-10-25 18:31:52,2025-10-25 18:30:03,2025-10-25,21,4,25.02263,121.50154,16,2025-10-25 10:32:51.141129,10,5,1,2025-10-25,0.19047619047619047
500113088,YouBike2.0_艋舺大道/西園路140巷口,萬華區,2025-10-25 17:50:02,西園路二段140巷79號(旁),Wanhua Dist,YouBike2.0_Bangka Blvd. & Ln. 140， Sec. 2， XiYuan Rd. Intersection,No. 79， Ln. 140， Sec. 2， XiYuan Rd.,1,2025-10-25 18:31:29,2025-10-25 18:31:52,2025-10-25 17:50:02,2025-10-25,20,3,25.03174,121.49502,17,2025-10-25 10:32:51.141129,10,5,1,2025-10-25,0.15
500113089,YouBike2.0_龍山國中(廣州街),萬華區,2025-10-25 11:52:02,廣州街19號(對面),Wanhua Dist,YouBike2.0_LongShan High School (GuangZhou St.),No. 19， GuangZhou St.,1,2025-10-25 18:31:29,2025-10-25 18:31:52,2025-10-25 11:52:02,2025-10-25,24,4,25.03614,121.50625,19,2025-10-25 10:32:51.141129,10,5,1,2025-10-25,0.16666666666666666
500113090,YouBike2.0_華江高中(西藏路),萬華區,2025-10-25 15:43:01,西藏路213號(旁),Wanhua Dist,YouBike2.0_Huajiang High School (XiZang Rd.),No. 213， XiZang Rd.,1,2025-10-25 18:31:29,2025-10-25 18:31:52,2025-10-25 15:43:01,2025-10-25,32,11,25.02901,121.49659,21,2025-10-25 10:32:51.141129,10,5,1,2025-10-25,0.34375
500113091,YouBike2.0_新和國小(中華路二段416巷),萬華區,2025-10-25 18:28:16,中華路二段416巷21號(對面),Wanhua Dist,YouBike2.0_Xinhe Elementary School (Ln. 416， Sec. 2， ZhongHua Rd.),No. 21， Ln. 416， Sec. 2， ZhongHua Rd. (Opposite),1,2025-10-25 18:31:29,2025-10-25 18:31:52,2025-10-25 18:28:16,2025-10-25,19,1,25.02677,121.50283,17,2025-10-25 10:32:51.141129,10,5,1,2025-10-25,0.05263157894736842
500113092,YouBike2.0_環南綜合市場(西藏路),萬華區,2025-10-25 15:06:02,環河南路二段245號(西藏路側),Wanhua Dist,YouBike2.0_Huannan Market (XiZang Rd.),No. 245， Sec. 2， HuanHe S. Rd. (XiZang Rd.),1,2025-10-25 18:31:29,2025-10-25 18:31:52,2025-10-25 15:06:02,2025-10-25,15,2,25.0294,121.49082,13,2025-10-25 10:32:51.141129,10,5,1,2025-10-25,0.13333333333333333
500113093,YouBike2.0_萬華青年社會住宅(青年路168巷49弄),萬華區,2025-10-25 18:30:03,青年路168巷49弄21號(旁),Wanhua Dist,YouBike2.0_WanHua Qingnian Public Housing (Aly. 49， Ln. 168， QingNian Rd.),No. 21， Aly. 49， Ln. 168， QingNian Rd.,1,2025-10-25 18:31:29,2025-10-25 18:31:52,2025-10-25 18:30:03,2025-10-25,20,3,25.01995,121.50229,16,2025-10-25 10:32:51.141129,10,5,1,2025-10-25,0.15
500113094,YouBike2.0_萬華51號公園,萬華區,2025-10-25 17:47:16,西園路一段167號對側公園,Wanhua Dist,YouBike2.0_Wanhua Park NO.51,No. 167， Sec. 1， XiYuan Rd. (Opposite),1,2025-10-25 18:31:29,2025-10-25 18:31:52,2025-10-25 17:47:16,2025-10-25,14,1,25.03484,121.49928,13,2025-10-25 10:32:51.141129,10,5,1,2025-10-25,0.07142857142857142
500113095,YouBike2.0_萬華區公所(大理街),萬華區,2025-10-25 18:31:15,大理街42之6號對側,Wanhua Dist,YouBike2.0_Wanhua District Office (DaLi St.),No. 42-6， DaLi St. (Opposite),1,2025-10-25 18:31:29,2025-10-25 18:31:52,2025-10-25 18:31:15,2025-10-25,26,0,25.03457,121.5,26,2025-10-25 10:32:51.141129,10,5,1,2025-10-25,0.0
500113096,YouBike2.0_環河南路一段350巷口,萬華區,2025-10-25 17:50:02,環河南路一段350巷/環河南路二段,Wanhua Dist,YouBike2.0_Ln. 350， Sec. 1， HuanHe S. Rd.,Ln. 350， Sec. 1， HuanHe S. Rd. & Sec. 2， HuanHe S. Rd.,1,2025-10-25 18:31:29,2025-10-25 18:31:52,2025-10-25 17:50:02,2025-10-25,15,5,25.03935,121.49743,10,2025-10-25 10:32:51.141129,10,5,1,2025-10-25,0.3333333333333333
500113098,YouBike2.0_青年公園(西藏路125巷口),萬華區,2025-10-25 17:10:03,青年路50號對面,Wanhua Dist,YouBike2.0_Youth Park,No. 50， QingNian Rd.,1,2025-10-25 18:31:29,2025-10-25 18:31:52,2025-10-25 17:10:03,2025-10-25,18,8,25.0251,121.50371,8,2025-10-25 10:32:51.141129,10,5,1,2025-10-25,0.4444444444444444
500119005,YouBike2.0_臺大水源舍區A棟,臺大公館校區,2025-10-25 17:40:03,汀洲路三段60巷2弄路側(A舍北側),NTU Dist,YouBike2.0_NTU ShuiYuan Dorms(A),Aly. 2， Ln. 60， Sec. 3， Tingzhou Rd. Dorms A(North),1,2025-10-25 18:31:29,2025-10-25 18:31:52,2025-10-25 17:40:03,2025-10-25,37,6,25.01493,121.53044,29,2025-10-25 10:32:51.141129,10,5,1,2025-10-25,0.16216216216216217
500119006,YouBike2.0_臺大卓越研究大樓,臺大公館校區,2025-10-25 17:40:03,臺大水源舍區C南側,NTU Dist,YouBike2.0_NTU Complex for Research Excellence,NTU Prince House Chang Hsing Dorms C(South),1,2025-10-25 18:31:29,2025-10-25 18:31:52,2025-10-25 17:40:03,2025-10-25,92,54,25.01466,121.52917,38,2025-10-25 10:32:51.141129,10,5,1,2025-10-25,0.5869565217391305
500119007,YouBike2.0_臺大水源修齊會館,臺大公館校區,2025-10-25 17:00:04,思源街16號之1旁,NTU Dist,YouBike2.0_NTU ShuiYuan HsiuChi House,No.16-1， Siyuan St.,1,2025-10-25 18:31:29,2025-10-25 18:31:52,2025-10-25 17:00:04,2025-10-25,35,9,25.01411,121.52997,25,2025-10-25 10:32:51.141129,10,5,1,2025-10-25,0.2571428571428571
500119008,YouBike2.0_臺大檔案展示館,臺大公館校區,2025-10-25 16:40:02,臺大檔案展示館東北側,NTU Dist,YouBike2.0_NTU Archives,NTU Archives(Northeast),1,2025-10-25 18:31:29,2025-10-25 18:31:52,2025-10-25 16:40:02,2025-10-25,10,8,25.01391,121.52895,2,2025-10-25 10:32:51.141129,10,5,1,2025-10-25,0.8
500119009,YouBike2.0_臺大水源舍區B棟,臺大公館校區,2025-10-25 17:30:03,汀洲路三段60巷2弄路側(B舍北側),NTU Dist,YouBike2.0_NTU ShuiYuan Dorms(B),Aly. 2， Ln. 60， Sec. 3， Tingzhou Rd. Dorms B(North),1,2025-10-25 18:31:29,2025-10-25 18:31:52,2025-10-25 17:30:03,2025-10-25,30,3,25.01525,121.53009,25,2025-10-25 10:32:51.141129,10,5,1,2025-10-25,0.1
500119043,YouBike2.0_臺大男八舍東側,臺大公館校區,2025-10-25 18:30:03,臺大男八舍東側,NTU Dist,YouBike2.0_NTU 8th Men's Dorm(East),NTU 8th Men's Dorm(East),1,2025-10-25 18:31:29,2025-10-25 18:31:52,2025-10-25 18:30:03,2025-10-25,42,3,25.01729,121.54531,39,2025-10-25 10:32:51.141129,10,5,1,2025-10-25,0.07142857142857142
500119044,YouBike2.0_臺大禮賢樓東南側,臺大公館校區,2025-10-25 17:50:02,臺大仰萃樓東南側,NTU Dist,YouBike2.0_NTU Courtesy House(Southeast),NTU The Apex Building(Southeast),1,2025-10-25 18:31:29,2025-10-25 18:31:52,2025-10-25 17:50:02,2025-10-25,35,4,25.01415,121.53767,31,2025-10-25 10:32:51.141129,10,5,1,2025-10-25,0.11428571428571428
500119045,YouBike2.0_臺大農業陳列館北側,臺大公館校區,2025-10-25 18:30:03,農業陳列館北側,NTU Dist,YouBike2.0_NTU Agricultural Exhibition Hall(North),NTU Agricultural Exhibition Hall(North),1,2025-10-25 18:31:29,2025-10-25 18:31:52,2025-10-25 18:30:03,2025-10-25,45,35,25.01839,121.53404,10,2025-10-25 10:32:51.141129,10,5,1,2025-10-25,0.7777777777777778
500119046,YouBike2.0_臺大管理學院二館北側,臺大公館校區,2025-10-25 17:10:03,管理學院二號館北側,NTU Dist,YouBike2.0_NTU Building 2， College of Management(North),NTU Building 2， College of Management(North),1,2025-10-25 18:31:29,2025-10-25 18:31:52,2025-10-25 17:10:03,2025-10-25,40,16,25.01355,121.53673,24,2025-10-25 10:32:51.141129,10,5,1,2025-10-25,0.4
500119047,YouBike2.0_臺大土木系館,臺大公館校區,2025-10-25 16:50:04,臺大土木工程學系所南側,NTU Dist,YouBike2.0_NTU Dept. of Civil Engineering,NTU Dept. of Civil Engineering(South),1,2025-10-25 18:31:29,2025-10-25 18:31:52,2025-10-25 16:50:04,2025-10-25,30,9,25.01761,121.53844,21,2025-10-25 10:32:51.141129,10,5,1,2025-10-25,0.3
500119048,YouBike2.0_臺大大一女舍北側,臺大公館校區,2025-10-25 18:30:03,臺大女一舍北側,NTU Dist,YouBike2.0_NTU Freshman Women's Dorm(North),NTU Freshman Women's Dorm(North),1,2025-10-25 18:31:29,2025-10-25 18:31:52,2025-10-25 18:30:03,2025-10-25,53,11,25.01547,121.53436,42,2025-10-25 10:32:51.141129,10,5,1,2025-10-25,0.20754716981132076
500119049,YouBike2.0_臺大女九舍西南側,臺大公館校區,2025-10-25 16:47:02,臺大女九舍西南側,NTU Dist,YouBike2.0_NTU 9th Women's Dorm(Southwest),NTU 9th Women's Dorm(Southwest),1,2025-10-25 18:31:29,2025-10-25 18:31:52,2025-10-25 16:47:02,2025-10-25,99,6,25.01981,121.53903,93,2025-10-25 10:32:51.141129,10,5,1,2025-10-25,0.06060606060606061
500119050,YouBike2.0_臺大小福樓東側,臺大公館校區,2025-10-25 18:20:04,臺大小福樓東側,NTU Dist,YouBike2.0_NTU Xiao Fu Commissary(East),NTU Xiao Fu Commissary(East),1,2025-10-25 18:31:29,2025-10-25 18:31:52,2025-10-25 18:20:04,2025-10-25,31,1,25.01846,121.5376,30,2025-10-25 10:32:51.141129,10,5,1,2025-10-25,0.03225806451612903
500119051,YouBike2.0_臺大立體機車停車場,臺大公館校區,2025-10-25 16:30:04,基隆路三段/基隆路三段156巷口北側,NTU Dist,YouBike2.0_NTU Parking lot(Motorcycle),Ln. 156， Sec. 3， Keelung Rd. Intersection(North),1,2025-10-25 18:31:29,2025-10-25 18:31:52,2025-10-25 16:30:04,2025-10-25,27,4,25.01616,121.54251,23,2025-10-25 10:32:51.141129,10,5,1,2025-10-25,0.14814814814814814
500119052,YouBike2.0_臺大工綜館南側,臺大公館校區,2025-10-25 18:30:03,臺大工學院東南側,NTU Dist,YouBike2.0_NTU College of Engineering Building(South),NTU College of Engineering Building(Southeast),1,2025-10-25 18:31:29,2025-10-25 18:31:52,2025-10-25 18:30:03,2025-10-25,26,1,25.01857,121.54059,25,2025-10-25 10:32:51.141129,10,5,1,2025-10-25,0.038461538461538464
500119053,YouBike2.0_臺大天文數學館南側,臺大公館校區,2025-10-25 17:10:03,臺大天文數學館西南側,NTU Dist,YouBike2.0_NTU Astronomy - Mathematics Building(South),NTU Astronomy - Mathematics Building(Southwest),1,2025-10-25 18:31:29,2025-10-25 18:31:52,2025-10-25 17:10:03,2025-10-25,19,17,25.02108,121.53783,2,2025-10-25 10:32:51.141129,10,5,1,2025-10-25,0.8947368421052632
500119054,YouBike2.0_臺大心理系館南側,臺大公館校區,2025-10-25 17:37:15,臺大心理學系南側,NTU Dist,YouBike2.0_NTU Dept. of Psychology (South Hall),NTU Dept. of Psychology (South Hall),1,2025-10-25 18:31:29,2025-10-25 18:31:52,2025-10-25 17:37:15,2025-10-25,30,0,25.01941,121.5404,30,2025-10-25 10:32:51.141129,10,5,1,2025-10-25,0.0
500119055,YouBike2.0_臺大樂學館東側,臺大公館校區,2025-10-25 17:40:03,臺大文學院西側,NTU Dist,YouBike2.0_NTU Lesyue Building(East),Liberal Arts Research Building(West),1,2025-10-25 18:31:29,2025-10-25 18:31:52,2025-10-25 17:40:03,2025-10-25,28,23,25.01793,121.53585,5,2025-10-25 10:32:51.141129,10,5,1,2025-10-25,0.8214285714285714
500119056,YouBike2.0_臺大農化新館西側,臺大公館校區,2025-10-25 15:35:18,臺大生化科技學系西側,NTU Dist,YouBike2.0_NTU New Agricultural Chemistry Building(West),NTU Department of Biochemical Science and Technology(West),1,2025-10-25 18:31:29,2025-10-25 18:31:52,2025-10-25 15:35:18,2025-10-25,10,9,25.01627,121.53535,1,2025-10-25 10:32:51.141129,10,5,1,2025-10-25,0.9
500119057,YouBike2.0_臺大五號館西側,臺大公館校區,2025-10-25 17:30:03,臺大生物系館西側,NTU Dist,YouBike2.0_NTU Building No.5(West),NTU Department of Bioenvironmental Systems Engineering(West),1,2025-10-25 18:31:29,2025-10-25 18:31:52,2025-10-25 17:30:03,2025-10-25,48,7,25.01666,121.53718,41,2025-10-25 10:32:51.141129,10,5,1,2025-10-25,0.14583333333333334
500119058,YouBike2.0_臺大舊體育館西側,臺大公館校區,2025-10-25 17:50:02,臺大田徑場東側,NTU Dist,YouBike2.0_NTU Gymnasium(West),NTU Sports Field(East),1,2025-10-25 18:31:29,2025-10-25 18:31:52,2025-10-25 17:50:02,2025-10-25,33,21,25.0198,121.53583,12,2025-10-25 10:32:51.141129,10,5,1,2025-10-25,0.6363636363636364
500119059,YouBike2.0_臺大共同教室北側,臺大公館校區,2025-10-25 17:15:15,臺大共同教學館東北側,NTU Dist,YouBike2.0_NTU Common Subjects Classroom Building(North),NTU Common Subjects Classroom Building(Northeast),1,2025-10-25 18:31:29,2025-10-25 18:31:52,2025-10-25 17:15:15,2025-10-25,68,5,25.01595,121.53791,63,2025-10-25 10:32:51.141129,10,5,1,2025-10-25,0.07352941176470588
500119060,YouBike2.0_臺大共同教室東南側,臺大公館校區,2025-10-25 17:13:15,臺大共同教學館東南側,NTU Dist,YouBike2.0_NTU Common Subjects Classroom Building(Southeast),NTU Common Subjects Classroom Building(Southeast),1,2025-10-25 18:31:29,2025-10-25 18:31:52,2025-10-25 17:13:15,2025-10-25,12,11,25.01566,121.53786,1,2025-10-25 10:32:51.141129,10,5,1,2025-10-25,0.9166666666666666
500119061,YouBike2.0_臺大鹿鳴堂東側,臺大公館校區,2025-10-25 18:30:03,臺大鹿鳴廣場人行道側,NTU Dist,YouBike2.0_NTU LuMing Hall(East),NTU Lu Ming Square(Sidewalk),1,2025-10-25 18:31:29,2025-10-25 18:31:52,2025-10-25 18:30:03,2025-10-25,39,4,25.01511,121.53786,35,2025-10-25 10:32:51.141129,10,5,1,2025-10-25,0.10256410256410256
500119062,YouBike2.0_臺大公館停車場西北側,臺大公館校區,2025-10-25 18:30:03,臺大公館停車場西北側,NTU Dist,YouBike2.0_NTU Gongguan Car Park (Northwest),NTU Gongguan Car Park (Northwest),1,2025-10-25 18:31:29,2025-10-25 18:31:52,2025-10-25 18:30:03,2025-10-25,12,2,25.01345,121.53798,9,2025-10-25 10:32:51.141129,10,5,1,2025-10-25,0.16666666666666666
500119063,YouBike2.0_臺大第二行政大樓南側,臺大公館校區,2025-10-25 15:39:02,臺大行政大樓西側,NTU Dist,YouBike2.0_NTU 2nd Administration Building(South),NTU Administration Building(West),1,2025-10-25 18:31:29,2025-10-25 18:31:52,2025-10-25 15:39:02,2025-10-25,27,13,25.01603,121.53635,14,2025-10-25 10:32:51.141129,10,5,1,2025-10-25,0.48148148148148145
500119064,YouBike2.0_臺大明達館機車停車場,臺大公館校區,2025-10-25 18:02:15,臺大明達館西側,NTU Dist,YouBike2.0_NTU Ming - Da Hall Parking,NTU Ming - Da Hall(West),1,2025-10-25 18:31:29,2025-10-25 18:31:52,2025-10-25 18:02:15,2025-10-25,28,0,25.01754,121.54398,25,2025-10-25 10:32:51.141129,10,5,1,2025-10-25,0.0
500119065,YouBike2.0_臺大二號館,臺大公館校區,2025-10-25 16:40:02,臺大物理文物廳北側,NTU Dist,YouBike2.0_NTU Building No.2,NTU Heritage Hall of Physics,1,2025-10-25 18:31:29,2025-10-25 18:31:52,2025-10-25 16:40:02,2025-10-25,10,5,25.01699,121.53574,5,2025-10-25 10:32:51.141129,10,5,1,2025-10-25,0.5
500119066,YouBike2.0_臺大凝態館南側,臺大公館校區,2025-10-25 18:30:03,臺大物理系館南側,NTU Dist,YouBike2.0_NTU Center for Condensed Matter Sciences(South),NTU Dept. of Physics Library,1,2025-10-25 18:31:29,2025-10-25 18:31:52,2025-10-25 18:30:03,2025-10-25,20,20,25.02157,121.53633,0,2025-10-25 10:32:51.141129,10,5,1,2025-10-25,1.0
500119067,YouBike2.0_臺大社科院西側,臺大公館校區,2025-10-25 18:30:03,臺大社科院西側,NTU Dist,YouBike2.0_NTU College of social Sciences Building(West),NTU College of social Sciences Building(West),1,2025-10-25 18:31:29,2025-10-25 18:31:52,2025-10-25 18:30:03,2025-10-25,42,3,25.02053,121.54145,39,2025-10-25 10:32:51.141129,10,5,1,2025-10-25,0.07142857142857142
500119068,YouBike2.0_臺大社會系館南側,臺大公館校區,2025-10-25 17:20:02,臺大社會及社工館南側,NTU Dist,YouBike2.0_NTU Department of Sociology(South),NTU Dept. of Sociology / Dept. of Social Work(South),1,2025-10-25 18:31:29,2025-10-25 18:31:52,2025-10-25 17:20:02,2025-10-25,66,16,25.01987,121.54175,50,2025-10-25 10:32:51.141129,10,5,1,2025-10-25,0.24242424242424243
500119069,YouBike2.0_臺大思亮館東南側,臺大公館校區,2025-10-25 16:20:04,臺大思亮館東南側,NTU Dist,YouBike2.0_NTU Shih - Liang Hall(Southeast),NTU Shih - Liang Hall(Southeast),1,2025-10-25 18:31:29,2025-10-25 18:31:52,2025-10-25 16:20:04,2025-10-25,26,6,25.02074,121.53906,20,2025-10-25 10:32:51.141129,10,5,1,2025-10-25,0.23076923076923078
500119070,YouBike2.0_臺大椰林小舖,臺大公館校區,2025-10-25 17:10:03,臺大椰林小舖旁,NTU Dist,YouBike2.0_NTU Green Cabin,NTU Green Cabin,1,2025-10-25 18:31:29,2025-10-25 18:31:52,2025-10-25 17:10:03,2025-10-25,48,10,25.01561,121.53583,38,2025-10-25 10:32:51.141129,10,5,1,2025-10-25,0.20833333333333334
500119071,YouBike2.0_臺大計資中心南側,臺大公館校區,2025-10-25 17:20:02,臺大計算機網路資訊中心南側,NTU Dist,YouBike2.0_NTU Computer and Information Networking Center(South),NTU Computer and Information Networking Center(South),1,2025-10-25 18:31:29,2025-10-25 18:31:52,2025-10-25 17:20:02,2025-10-25,34,7,25.02036,121.53992,27,2025-10-25 10:32:51.141129,10,5,1,2025-10-25,0.20588235294117646
500119072,YouBike2.0_臺大原分所北側,臺大公館校區,2025-10-25 18:31:15,臺大原子與分子科學研究所東北側,NTU Dist,YouBike2.0_NTU Institute of Atomic and Molecular Sciences(North),NTU Institute of Atomic and Molecular Sciences(Northeast),1,2025-10-25 18:31:29,2025-10-25 18:31:52,2025-10-25 18:31:15,2025-10-25,12,0,25.01881,121.53868,12,2025-10-25 10:32:51.141129,10,5,1,2025-10-25,0.0
500119074,YouBike2.0_臺大生命科學館西北側,臺大公館校區,2025-10-25 18:30:03,臺大動物博物館西側,NTU Dist,YouBike2.0_NTU Life Science Building(Northwest),Museum of Zoology(West),1,2025-10-25 18:31:29,2025-10-25 18:31:52,2025-10-25 18:30:03,2025-10-25,30,19,25.01548,121.53825,11,2025-10-25 10:32:51.141129,10,5,1,2025-10-25,0.6333333333333333
500119075,YouBike2.0_臺大第一活動中心西南側,臺大公館校區,2025-10-25 18:30:03,第一學生活動中心東南側,NTU Dist,YouBike2.0_NTU 1st Student Activity Center(Southwest),NTU 1st Student Activity Center(Southeast),1,2025-10-25 18:31:29,2025-10-25 18:31:52,2025-10-25 18:30:03,2025-10-25,48,4,25.01761,121.53995,44,2025-10-25 10:32:51.141129,10,5,1,2025-10-25,0.08333333333333333
500119076,YouBike2.0_臺大博理館西側,臺大公館校區,2025-10-25 18:08:16,臺大博理館西側,NTU Dist,YouBike2.0_NTU Barry Lam Hall(West),NTU Barry Lam Hall(West),1,2025-10-25 18:31:29,2025-10-25 18:31:52,2025-10-25 18:08:16,2025-10-25,22,1,25.01922,121.54195,20,2025-10-25 10:32:51.141129,10,5,1,2025-10-25,0.045454545454545456
500119077,YouBike2.0_臺大博雅館西側,臺大公館校區,2025-10-25 16:30:04,臺大博雅館西側,NTU Dist,YouBike2.0_NTU Liberal Education Classroom Building(West),NTU Liberal Education Classroom Building(West),1,2025-10-25 18:31:29,2025-10-25 18:31:52,2025-10-25 16:30:04,2025-10-25,56,19,25.0189,121.536,37,2025-10-25 10:32:51.141129,10,5,1,2025-10-25,0.3392857142857143
500119078,YouBike2.0_臺大森林館北側,臺大公館校區,2025-10-25 15:48:01,臺大森林系學系北側,NTU Dist,YouBike2.0_NTU Forestry Building(North),NTU Forestry Building(North),1,2025-10-25 18:31:29,2025-10-25 18:31:52,2025-10-25 15:48:01,2025-10-25,10,5,25.01704,121.53888,5,2025-10-25 10:32:51.141129,10,5,1,2025-10-25,0.5
500119079,YouBike2.0_臺大一號館,臺大公館校區,2025-10-25 17:30:03,臺大植物魚類標本館一號館北側,NTU Dist,YouBike2.0_NTU Building No.1,NTU Building No.1(North),1,2025-10-25 18:31:29,2025-10-25 18:31:52,2025-10-25 17:30:03,2025-10-25,19,7,25.01698,121.53455,12,2025-10-25 10:32:51.141129,10,5,1,2025-10-25,0.3684210526315789
500119080,YouBike2.0_臺大小小福西南側,臺大公館校區,2025-10-25 08:52:02,臺大進修教育大樓,NTU Dist,YouBike2.0_NTU Xiao Xiao Fu Commissary(Southwest),NTU Omnium Gatherum Building,1,2025-10-25 18:31:29,2025-10-25 18:31:52,2025-10-25 08:52:02,2025-10-25,10,6,25.01539,121.53686,4,2025-10-25 10:32:51.141129,10,5,1,2025-10-25,0.6
500119081,YouBike2.0_臺大教研館北側,臺大公館校區,2025-10-25 18:30:17,臺大雅頌廣場東南側,NTU Dist,YouBike2.0_NTU Teaching and Research Building(North),NTU The Odeum Square(Southeast),1,2025-10-25 18:31:29,2025-10-25 18:31:52,2025-10-25 18:30:17,2025-10-25,26,0,25.01337,121.53909,26,2025-10-25 10:32:51.141129,10,5,1,2025-10-25,0.0
500119082,YouBike2.0_臺大四號館東北側,臺大公館校區,2025-10-25 18:24:16,臺大園藝暨景觀學系北側,NTU Dist,YouBike2.0_NTU Building No.4(Northeast),NTU Department of Horticulture(North),1,2025-10-25 18:31:29,2025-10-25 18:31:52,2025-10-25 18:24:16,2025-10-25,10,8,25.01703,121.53781,2,2025-10-25 10:32:51.141129,10,5,1,2025-10-25,0.8
500119083,YouBike2.0_臺大新生教室南側,臺大公館校區,2025-10-25 15:52:01,臺大新生教學館南側,NTU Dist,YouBike2.0_NTU Freshman Classroom Building(South),NTU Freshman Classroom Building(South),1,2025-10-25 18:31:29,2025-10-25 18:31:52,2025-10-25 15:52:01,2025-10-25,18,8,25.0196,121.53846,10,2025-10-25 10:32:51.141129,10,5,1,2025-10-25,0.4444444444444444
500119084,YouBike2.0_臺大鄭江樓北側,臺大公館校區,2025-10-25 17:30:03,臺大鄭江樓東南側,NTU Dist,YouBike2.0_NTU Tseng Jiang Hall(North),NTU Graduate Institute of Journalism(South),1,2025-10-25 18:31:29,2025-10-25 18:31:52,2025-10-25 17:30:03,2025-10-25,40,21,25.01854,121.54309,19,2025-10-25 10:32:51.141129,10,5,1,2025-10-25,0.525
500119085,YouBike2.0_臺大電機二館東南側,臺大公館校區,2025-10-25 18:28:16,臺大電機二館南側,NTU Dist,YouBike2.0_NTU E. E. Building No. 2(Southeast),NTU E. E. Building No. 2(Southeast),1,2025-10-25 18:31:29,2025-10-25 18:31:52,2025-10-25 18:28:16,2025-10-25,14,0,25.01857,121.54247,14,2025-10-25 10:32:51.141129,10,5,1,2025-10-25,0.0
500119086,YouBike2.0_臺大圖資系館北側,臺大公館校區,2025-10-25 17:20:02,臺大圖書資訊館北側,NTU Dist,YouBike2.0_NTU Dept. of Library and Information Sciences(North),NTU Dept. of Library and Information Sciences(North),1,2025-10-25 18:31:29,2025-10-25 18:31:52,2025-10-25 17:20:02,2025-10-25,51,12,25.01804,121.53928,39,2025-10-25 10:32:51.141129,10,5,1,2025-10-25,0.23529411764705882
500119087,YouBike2.0_臺大總圖書館西南側,臺大公館校區,2025-10-25 17:08:16,臺大圖書館西南側,NTU Dist,YouBike2.0_NTU Main Library(Southwest),NTU Main Library(Southwest),1,2025-10-25 18:31:29,2025-10-25 18:31:52,2025-10-25 17:08:16,2025-10-25,30,29,25.0169,121.54031,1,2025-10-25 10:32:51.141129,10,5,1,2025-10-25,0.9666666666666667
500119088,YouBike2.0_臺大黑森林西側,臺大公館校區,2025-10-25 18:15:30,臺大霖澤館南側,NTU Dist,YouBike2.0_NTU Black Forest(West),NTU Tsai Lecture Hall(South),1,2025-10-25 18:31:29,2025-10-25 18:31:52,2025-10-25 18:15:30,2025-10-25,35,1,25.01995,121.54347,34,2025-10-25 10:32:51.141129,10,5,1,2025-10-25,0.02857142857142857
500119089,YouBike2.0_臺大獸醫館南側,臺大公館校區,2025-10-25 18:31:15,臺大獸醫系館南側,NTU Dist,YouBike2.0_NTU Dept. of Veterinary Medicine(South),NTU Dept. of Veterinary Medicine(South),1,2025-10-25 18:31:29,2025-10-25 18:31:52,2025-10-25 18:31:15,2025-10-25,24,0,25.01791,121.54242,24,2025-10-25 10:32:51.141129,10,5,1,2025-10-25,0.0
500119090,YouBike2.0_臺大新體育館東南側,臺大公館校區,2025-10-25 17:10:03,臺大體育館東側,NTU Dist,YouBike2.0_NTU Sports Center(Southeast),NTU Sports Center(East),1,2025-10-25 18:31:29,2025-10-25 18:31:52,2025-10-25 17:10:03,2025-10-25,51,38,25.02112,121.53591,13,2025-10-25 10:32:51.141129,10,5,1,2025-10-25,0.7450980392156863
500119091,YouBike2.0_臺大明達館北側(員工宿舍),臺大公館校區,2025-10-25 17:50:02,明達館北側前空地,NTU Dist,YouBike2.0_NTU Ming - Da Hall (Staff Dormitory),NTU Ming - Da Hall (North),1,2025-10-25 18:31:29,2025-10-25 18:31:52,2025-10-25 17:50:02,2025-10-25,18,12,25.01816,121.54469,6,2025-10-25 10:32:51.141129,10,5,1,2025-10-25,0.6666666666666666
500119092,YouBike2.0_臺大管理學院一館,臺大公館校區,2025-10-25 18:30:03,臺大管理學院一館前,NTU Dist,YouBike2.0_NTU Bldg.1 College of Management,NTU Bldg.1 College of Management,1,2025-10-25 18:31:29,2025-10-25 18:31:52,2025-10-25 18:30:03,2025-10-25,17,12,25.01436,121.53828,5,2025-10-25 10:32:51.141129,10,5,1,2025-10-25,0.7058823529411765
500119093,YouBike2.0_臺大禮賢樓西側,臺大公館校區,2025-10-25 17:30:03,臺大禮賢樓西側空地,NTU Dist,YouBike2.0_NTU LIxian Hall (West),NTU LIxian Hall (West),1,2025-10-25 18:31:29,2025-10-25 18:31:52,2025-10-25 17:30:03,2025-10-25,36,18,25.01467,121.53765,18,2025-10-25 10:32:51.141129,10,5,1,2025-10-25,0.5
500119094,YouBike2.0_臺大大一女餐廳廣場,臺大公館校區,2025-10-25 18:27:17,臺大大一女餐廳廣場後方,NTU Dist,YouBike2.0_NTU Freshman Women's Dorm Restaurant,NTU Freshman Women's Dorm Restaurant,1,2025-10-25 18:31:29,2025-10-25 18:31:52,2025-10-25 18:27:17,2025-10-25,40,21,25.01479,121.53494,1,2025-10-25 10:32:51.141129,10,5,1,2025-10-25,0.525
500119095,YouBike2.0_臺大學新館,臺大公館校區,2025-10-25 16:11:15,臺大學新館旁,NTU Dist,YouBike2.0_NTU MK Innovation Hall,NTU MK Innovation Hall,1,2025-10-25 18:31:29,2025-10-25 18:31:52,2025-10-25 16:11:15,2025-10-25,33,31,25.01944,121.54339,2,2025-10-25 10:32:51.141129,10,5,1,2025-10-25,0.9393939393939394
500119096,YouBike2.0_臺大水源舍區C棟,臺大公館校區,2025-10-25 17:00:04,臺大水源舍區C棟西側,NTU Dist,YouBike2.0_NTU Shui-Yuan Dorms C,NTU Shui-Yuan Dorms C (West),1,2025-10-25 18:31:29,2025-10-25 18:31:52,2025-10-25 17:00:04,2025-10-25,99,43,25.01547,121.52892,54,2025-10-25 10:32:51.141129,10,5,1,2025-10-25,0.43434343434343436
500119097,YouBike2.0_臺大人文館,臺大公館校區,2025-10-25 16:40:02,臺大人文館東北側,NTU Dist,YouBike2.0_NTU The College of Liberal Arts,NTU The College of Liberal Arts (Northeast),1,2025-10-25 18:31:29,2025-10-25 18:31:52,2025-10-25 16:40:02,2025-10-25,67,43,25.0182,121.53476,22,2025-10-25 10:32:51.141129,10,5,1,2025-10-25,0.6417910447761194
